32003
18511
22780
45166
44260
74732
96533
10778
1534
62953
31462
37772
43756
37829
34638
50364
79560
91686
34618
78421
45677
60371
1300
33149
40069
40533
80888
72068
6381
97615
95288
16220
40819
80739
34878
67880
84700
87679
31930
40627
54125
78796
20812
56613
63668
25459
16573
81185
88343
13107
29932
67694
10618
14058
84659
12512
41588
29347
22956
33941
53818
61241
33052
43348
77505
64498
46549
92063
58095
5067
47300
24929
25837
52105
80294
58824
44254
71707
81893
15688
35108
91549
83775
75353
90894
69550
29292
57544
57115
39941
46412
14419
74352
95735
18699
22262
96278
71046
49787
52782
70286
45957
45638
41906
90168
64828
52459
56774
73828
60295
46998
66231
75212
30806
27334
86399
45941
43775
59858
11664
54845
29098
95291
34176
29597
35743
30425
7781
61110
17063
44075
94268
15986
90784
72723
43789
96637
30078
79231
62444
34177
88210
20492
14510
8192
44628
5642
94580
89938
19983
85092
63300
94554
39667
24658
96911
26256
88810
30515
20180
39205
22984
68442
85338
10427
43231
31237
40324
99405
21687
8122
82977
96765
35411
36469
87714
93542
15823
76511
78777
50246
95763
8237
2105
19993
71174
95469
65411
22684
2666
36776
87353
70267
8706
66310
1568
8303
39202
91247
11476
36119
78634
18391
82160
39635
4397
98933
21824
19363
36470
39420
56949
33761
43405
36286
87845
71157
98119
13687
39492
45620
87157
53104
88890
58611
66576
80743
91851
88878
18753
35005
99678
16500
54539
76434
20539
22399
69392
74309
38348
95117
81085
67647
5519
94677
11021
82823
90912
52923
67872
2432
76314
28329
31943
9859
93606
59475
88736
82737
80493
22256
18695
99111
31626
80375
94833
75779
35843
43451
88746
10128
4808
75601
14104
26664
49617
10689
55642
9102
91645
98455
11899
16188
57778
78072
59944
37972
33343
44555
33940
41882
4512
2994
98828
52405
65084
76859
83005
93014
68175
4489
30937
1846
63284
20778
13272
18625
24208
76453
39195
3989
70335
92609
58222
19620
13713
38417
14384
21333
88725
25035
70526
62388
91044
33322
45691
89823
89049
61144
39290
83412
30914
1183
50973
18546
92295
98035
21871
76462
12441
59269
38802
44849
84624
60228
84621
91324
8390
58482
61
23288
33677
90394
68975
83966
66927
26043
40545
60154
98961
99029
2626
58962
37696
98667
94770
99510
8783
50724
97753
71207
53919
7415
68958
5493
56032
57392
43863
96664
4407
1040
77951
645
86591
9509
66268
79212
60546
52676
5366
96098
32882
66420
56057
25035
75441
7659
94921
83970
12945
37156
42624
69019
93184
25035
9531
36354
34709
19854
92202
92899
88226
36768
25344
92447
99934
87923
26905
30788
90356
29760
60785
13981
70271
74959
78358
13339
97992
81324
89204
72795
49407
17862
9377
60906
22551
12378
13419
41814
19031
93214
69841
30212
71551
52985
14345
78066
87245
85140
11312
27142
21512
92222
43211
42041
10570
50755
86140
75984
97806
53230
48491
86632
48456
91851
92340
68996
17361
44894
33626
86508
81816
62190
14642
28544
98252
44669
18850
85573
93411
94682
46897
87710
31012
72026
3796
79055
65548
66302
70576
77933
83486
65635
98636
37068
38581
94382
62723
70510
2164
15992
83635
82197
60673
14993
29352
77612
85473
67302
12491
41017
23251
12086
69761
6166
83131
40582
61216
59878
76718
50045
90493
78972
29055
25366
71910
78991
61576
34660
49280
19075
86701
86994
62889
94505
36620
79476
78106
41985
17939
84769
11446
86864
49353
38172
23230
42068
21545
5607
84666
38466
97457
10893
40760
38040
83623
48046
19639
77383
1769
84390
29581
28668
3840
23951
32455
12217
35053
70074
35220
29190
78493
13294
50020
18866
39945
28779
4187
75832
48052
65579
65223
55164
91493
22061
32070
12679
89681
87833
94982
25677
38468
25548
63718
63766
48866
57657
13415
83124
23391
1465
86311
59052
26151
43291
64694
64729
31348
55483
86462
85046
96571
91869
24995
1909
68173
27720
94461
46468
10857
99326
91057
53447
91268
22934
73506
84316
23744
19851
88141
84319
20108
83277
85105
35234
20373
96009
47588
97953
712
69697
92799
1220
43362
99535
7739
21665
95900
58150
62453
30521
48817
23994
83526
88793
47722
1837
86132
90866
49476
3178
68105
63884
49865
67846
46981
4593
91294
32155
85623
93097
91603
90308
41317
54484
61433
46213
20769
25881
78664
33060
19402
82930
14099
5361
86872
85584
67324
46539
80294
70018
63158
75867
93624
46632
84151
8166
30187
57089
71508
96202
63743
43213
71280
16310
42986
44421
62297
35923
64895
92020
4216
20186
89421
83992
52097
80224
4348
12258
80611
98137
40618
36508
41523
5989
16283
27850
54838
97082
10770
18502
73307
6395
8908
39660
44846
67714
70176
63290
27337
50761
21283
46207
59433
38306
59984
38217
4657
84898
65505
46513
22686
56434
68353
25922
46279
3708
35558
95759
74709
35262
36101
69991
5918
64439
88448
48682
38360
67494
1839
19923
72607
15353
12525
4565
38948
66161
78693
12747
49730
13174
14239
6916
57851
71457
41980
53018
92492
29100
33722
62538
90029
54469
66316
27054
7375
56676
97574
38477
86211
59802
23955
14774
51047
60939
56514
23362
21792
14793
84761
13847
69390
93502
12380
63019
17460
33099
50509
78019
25968
13430
28013
77799
51390
60257
97299
94599
82827
88139
20314
53609
84963
20118
58606
79151
14414
53132
75809
18501
86392
84255
99688
50895
23430
69030
28050
45549
52551
6397
71769
35411
23463
75029
34834
53489
48228
61000
33227
80709
45202
78648
42717
54650
42922
68461
8431
96965
50363
91180
16386
80340
46326
68380
61036
31853
73392
59051
35777
43793
9129
67768
92607
26743
63947
95440
51691
18035
77651
51924
52576
99802
29208
5197
51002
53046
53269
69574
48182
13522
89090
21379
16785
4331
31601
74966
81684
68368
80331
40480
24849
37989
62040
8852
93002
45329
54463
39122
95861
21535
94635
95823
38531
58315
37550
46679
25604
62609
48336
83821
95246
76587
42440
3038
23033
38937
53965
25416
80930
22466
78162
92131
58252
59990
72681
43835
13742
14002
11506
18586
92455
18990
93775
88455
92564
66140
44882
14721
36291
92368
99317
18410
28546
30941
79687
74244
17235
45751
9861
11308
28608
28470
25037
83162
47409
34756
30778
99332
4645
98222
15973
14099
95888
87927
86363
44724
53546
48272
76845
96901
54519
13217
40654
88304
69093
50544
50567
4771
85898
99501
90300
