61
645
712
1040
1183
1220
1300
1465
1534
1568
1769
1837
1839
1846
1909
2105
2164
2432
2626
2666
2994
3038
3178
3708
3796
3840
3989
4187
4216
4331
4348
4397
4407
4489
4512
4565
4593
4645
4657
4771
4808
5067
5197
5361
5366
5493
5519
5607
5642
5918
5989
6166
6381
6395
6397
6916
7375
7415
7659
7739
7781
8122
8166
8192
8237
8303
8390
8431
8706
8783
8852
8908
9102
9129
9377
9509
9531
9859
9861
10128
10427
10570
10618
10689
10770
10778
10857
10893
11021
11308
11312
11446
11476
11506
11664
11899
12086
12217
12258
12378
12380
12441
12491
12512
12525
12679
12747
12945
13107
13174
13217
13272
13294
13339
13415
13419
13430
13522
13687
13713
13742
13847
13981
14002
14058
14099
14099
14104
14239
14345
14384
14414
14419
14510
14642
14721
14774
14793
14993
15353
15688
15823
15973
15986
15992
16188
16220
16283
16310
16386
16500
16573
16785
17063
17235
17361
17460
17862
17939
18035
18391
18410
18501
18502
18511
18546
18586
18625
18695
18699
18753
18850
18866
18990
19031
19075
19363
19402
19620
19639
19851
19854
19923
19983
19993
20108
20118
20180
20186
20314
20373
20492
20539
20769
20778
20812
21283
21333
21379
21512
21535
21545
21665
21687
21792
21824
21871
22061
22256
22262
22399
22466
22551
22684
22686
22780
22934
22956
22984
23033
23230
23251
23288
23362
23391
23430
23463
23744
23951
23955
23994
24208
24658
24849
24929
24995
25035
25035
25035
25037
25344
25366
25416
25459
25548
25604
25677
25837
25881
25922
25968
26043
26151
26256
26664
26743
26905
27054
27142
27334
27337
27720
27850
28013
28050
28329
28470
28544
28546
28608
28668
28779
29055
29098
29100
29190
29208
29292
29347
29352
29581
29597
29760
29932
30078
30187
30212
30425
30515
30521
30778
30788
30806
30914
30937
30941
31012
31237
31348
31462
31601
31626
31853
31930
31943
32003
32070
32155
32455
32882
33052
33060
33099
33149
33227
33322
33343
33626
33677
33722
33761
33940
33941
34176
34177
34618
34638
34660
34709
34756
34834
34878
35005
35053
35108
35220
35234
35262
35411
35411
35558
35743
35777
35843
35923
36101
36119
36286
36291
36354
36469
36470
36508
36620
36768
36776
37068
37156
37550
37696
37772
37829
37972
37989
38040
38172
38217
38306
38348
38360
38417
38466
38468
38477
38531
38581
38802
38937
38948
39122
39195
39202
39205
39290
39420
39492
39635
39660
39667
39941
39945
40069
40324
40480
40533
40545
40582
40618
40627
40654
40760
40819
41017
41317
41523
41588
41814
41882
41906
41980
41985
42041
42068
42440
42624
42717
42922
42986
43211
43213
43231
43291
43348
43362
43405
43451
43756
43775
43789
43793
43835
43863
44075
44254
44260
44421
44555
44628
44669
44724
44846
44849
44882
44894
45166
45202
45329
45549
45620
45638
45677
45691
45751
45941
45957
46207
46213
46279
46326
46412
46468
46513
46539
46549
46632
46679
46897
46981
46998
47300
47409
47588
47722
48046
48052
48182
48228
48272
48336
48456
48491
48682
48817
48866
49280
49353
49407
49476
49617
49730
49787
49865
50020
50045
50246
50363
50364
50509
50544
50567
50724
50755
50761
50895
50973
51002
51047
51390
51691
51924
52097
52105
52405
52459
52551
52576
52676
52782
52923
52985
53018
53046
53104
53132
53230
53269
53447
53489
53546
53609
53818
53919
53965
54125
54463
54469
54484
54519
54539
54650
54838
54845
55164
55483
55642
56032
56057
56434
56514
56613
56676
56774
56949
57089
57115
57392
57544
57657
57778
57851
58095
58150
58222
58252
58315
58482
58606
58611
58824
58962
59051
59052
59269
59433
59475
59802
59858
59878
59944
59984
59990
60154
60228
60257
60295
60371
60546
60673
60785
60906
60939
61000
61036
61110
61144
61216
61241
61433
61576
62040
62190
62297
62388
62444
62453
62538
62609
62723
62889
62953
63019
63158
63284
63290
63300
63668
63718
63743
63766
63884
63947
64439
64498
64694
64729
64828
64895
65084
65223
65411
65505
65548
65579
65635
66140
66161
66231
66268
66302
66310
66316
66420
66576
66927
67302
67324
67494
67647
67694
67714
67768
67846
67872
67880
68105
68173
68175
68353
68368
68380
68442
68461
68958
68975
68996
69019
69030
69093
69390
69392
69550
69574
69697
69761
69841
69991
70018
70074
70176
70267
70271
70286
70335
70510
70526
70576
71046
71157
71174
71207
71280
71457
71508
71551
71707
71769
71910
72026
72068
72607
72681
72723
72795
73307
73392
73506
73828
74244
74309
74352
74709
74732
74959
74966
75029
75212
75353
75441
75601
75779
75809
75832
75867
75984
76314
76434
76453
76462
76511
76587
76718
76845
76859
77383
77505
77612
77651
77799
77933
77951
78019
78066
78072
78106
78162
78358
78421
78493
78634
78648
78664
78693
78777
78796
78972
78991
79055
79151
79212
79231
79476
79560
79687
80224
80294
80294
80331
80340
80375
80493
80611
80709
80739
80743
80888
80930
81085
81185
81324
81684
81816
81893
82160
82197
82737
82823
82827
82930
82977
83005
83124
83131
83162
83277
83412
83486
83526
83623
83635
83775
83821
83966
83970
83992
84151
84255
84316
84319
84390
84621
84624
84659
84666
84700
84761
84769
84898
84963
85046
85092
85105
85140
85338
85473
85573
85584
85623
85898
86132
86140
86211
86311
86363
86392
86399
86462
86508
86591
86632
86701
86864
86872
86994
87157
87245
87353
87679
87710
87714
87833
87845
87923
87927
88139
88141
88210
88226
88304
88343
88448
88455
88725
88736
88746
88793
88810
88878
88890
89049
89090
89204
89421
89681
89823
89938
90029
90168
90300
90308
90356
90394
90493
90784
90866
90894
90912
91044
91057
91180
91247
91268
91294
91324
91493
91549
91603
91645
91686
91851
91851
91869
92020
92063
92131
92202
92222
92295
92340
92368
92447
92455
92492
92564
92607
92609
92799
92899
93002
93014
93097
93184
93214
93411
93502
93542
93606
93624
93775
94268
94382
94461
94505
94554
94580
94599
94635
94677
94682
94770
94833
94921
94982
95117
95246
95288
95291
95440
95469
95735
95759
95763
95823
95861
95888
95900
96009
96098
96202
96278
96533
96571
96637
96664
96765
96901
96911
96965
97082
97299
97457
97574
97615
97753
97806
97953
97992
98035
98119
98137
98222
98252
98455
98636
98667
98828
98933
98961
99029
99111
99317
99326
99332
99405
99501
99510
99535
99678
99688
99802
99934
