50
374
375
504
653
674
771
820
969
1334
1500
1569
1618
1679
1795
1921
1965
2204
2254
2323
2509
2551
2761
2864
2919
3038
3070
3113
3167
3178
3336
3400
3488
3592
3950
4039
4087
4098
4180
4252
4295
4534
4620
4670
4676
4786
4867
4927
5107
5112
5432
5575
5624
5627
5634
5730
5858
5883
5912
5953
5969
6415
6427
6544
6582
6643
6676
6874
6921
6927
6939
6941
7497
7567
7586
7818
7981
8147
8162
8192
8294
8361
8397
8625
8628
8837
8914
8921
8931
8961
9182
9477
9651
9800
9987
9998
10013
10248
10574
10616
10618
10647
10782
11129
11169
11235
11316
11409
11581
11687
11986
11996
12191
12197
12537
12695
12853
12859
12960
13072
13179
13191
13237
13448
13558
13581
13586
13754
13755
13776
13979
14034
14046
14150
14154
14285
14286
14311
14312
14509
14537
14678
14686
14725
14782
15038
15052
15078
15114
15281
15329
15384
15493
15542
15613
15627
15714
15739
16239
16265
16318
16528
16740
16779
17176
17327
17350
17436
17458
17485
17538
17734
17776
17892
17962
18024
18030
18052
18116
18273
18614
18748
18843
18860
18936
19026
19062
19133
19178
19421
19424
19496
19603
19603
19623
19728
19765
19817
19886
19927
19937
20088
20118
20259
20265
20269
20284
20294
20366
20428
20489
20549
20804
20988
20993
21104
21514
21709
21837
21861
21925
21950
22017
22032
22036
22164
22285
22302
22332
22392
22400
22412
22615
22713
23197
23516
23543
23656
23681
23750
23773
23903
23969
24029
24055
24141
24182
24287
24456
24519
24748
24779
24939
25045
25129
25527
25653
25720
25734
25734
25763
25851
26191
26208
26278
26468
26491
26543
26570
26584
26597
26663
26708
26801
26818
26852
27097
27205
27228
27246
27336
28004
28111
28130
28165
28666
28808
28876
28974
29021
29101
29359
29463
29488
29609
29631
29757
29839
30010
30040
30101
30139
30463
30467
30497
30522
30526
30608
30630
30719
30833
30941
31081
31124
31856
31916
31932
32232
32238
32245
32597
32790
33003
33320
33447
33458
33487
34071
34229
34343
34382
34490
34596
34640
34672
34707
34735
35056
35067
35182
35264
35815
36056
36156
36302
36326
36813
36828
36857
36882
36901
36917
37115
37153
37229
37308
37339
37342
37438
37458
37525
37612
37759
37861
37873
38001
38036
38091
38327
38446
38610
38663
38665
38667
38749
38789
38905
38953
38996
39056
39282
39314
39317
39367
39409
39581
39832
40040
40059
40088
40128
40261
40324
40341
40534
40614
40667
40738
40831
40899
40975
41035
41140
41284
41353
41614
41635
41640
41673
41856
41925
41928
42022
42162
42379
42478
42565
42583
42602
42668
42715
42735
42754
42833
42835
42855
42866
42975
43061
43234
43247
43268
43362
43484
43574
43588
43612
43613
43695
43767
43972
44152
44308
44322
44402
44409
44508
44540
44547
44643
44696
44898
44907
44944
45019
45096
45114
45125
45232
45244
45299
45373
45446
45541
45650
45691
45732
45785
45797
45829
45916
46060
46063
46214
46230
46288
46502
46539
46568
46660
46905
46927
47043
47071
47093
47097
47153
47198
47363
47461
47638
47696
47828
47899
48001
48111
48158
48196
48215
48219
48238
48240
48287
48387
48509
48549
48831
48851
48990
49091
49101
49195
49212
49237
49466
49535
49538
49598
49630
49659
49678
49686
49773
49780
49811
49836
49900
49910
49936
49949
50041
50091
50381
50887
50936
51221
51292
51384
51430
51491
51614
51668
51712
51905
51983
52182
52191
52322
52516
52770
52917
53029
53126
53136
53191
53252
53275
53348
53400
53440
53478
53632
53847
54339
54360
54374
54491
54723
54784
54960
54977
54996
55231
55295
55416
55428
55521
55567
55810
55825
56021
56069
56097
56138
56151
56174
56281
56383
56613
56671
56751
57121
57239
57283
57363
57372
57482
57507
57571
57615
57730
57856
57868
57881
57942
58097
58180
58192
58229
58253
58306
58359
58413
58457
58473
58516
58526
58581
58597
58644
58777
58906
58981
59268
59339
59343
59362
59418
59497
59584
59599
59641
59662
59898
60023
60083
60221
60320
60327
60364
60406
60521
60551
60646
61016
61254
61298
61338
61413
61636
61944
61981
61998
62073
62115
62124
62501
62575
62617
62674
62821
62835
63074
63148
63177
63211
63263
63345
63395
63441
63457
63510
63638
63650
64152
64153
64199
64227
64292
64494
64512
64515
64682
64891
65036
65062
65100
65128
65250
65272
65305
65315
65335
65399
65544
65544
65558
65569
65678
65729
65871
65873
65934
65972
66255
66454
66462
66484
66576
66639
66833
66904
66983
67274
67445
67582
67681
67719
67955
67996
68067
68155
68169
68317
68364
68667
68681
68681
68685
68710
68742
68786
69027
69150
69230
69323
69400
69432
69451
69557
69616
69780
69805
69889
70027
70191
70277
70283
70333
70360
70436
70534
70855
70891
71059
71599
71725
71769
71873
71904
71952
72054
72168
72232
72395
72478
72487
72521
72571
72631
73008
73187
73406
73536
73599
73627
73638
73715
73745
73767
73802
73881
74065
74104
74185
74303
74384
74415
74460
74709
74784
74805
74828
74842
74905
75179
75267
75286
75314
75350
75433
75553
75611
75722
75765
75845
75867
75951
76110
76184
76298
76307
76527
76580
76641
76948
77094
77217
77361
77421
77487
77504
77700
77764
77821
77860
77872
77879
78217
78222
78280
78756
78893
79000
79060
79411
79814
79841
79975
80127
80325
80390
80452
80535
80647
80933
81009
81118
81324
81393
81396
81651
81855
81863
81924
82039
82165
82184
82190
82213
82292
82529
82771
82883
83296
83432
83721
83743
83993
83998
84105
84242
84265
84409
84557
84666
84722
84856
85306
85448
85554
85590
85612
85665
85725
85955
85972
86031
86040
86159
86293
86380
86391
86415
86588
86654
87104
87127
87277
87416
87478
87481
87491
87526
87542
87714
87759
87787
87880
88038
88197
88360
88407
88579
88622
88646
88666
88714
88853
88854
88886
88966
89042
89081
89199
89218
89264
89343
89383
89388
89460
89483
89484
89564
89629
89650
89693
89720
89835
89941
89957
90217
90266
90351
90420
90480
90539
90662
90777
90780
90832
90973
91091
91103
91122
91160
91160
91179
91256
91274
91686
91800
91946
92090
92136
92154
92728
92809
93515
93583
93588
93611
93730
93739
94106
94501
94551
94668
94724
94905
94942
94987
95039
95048
95222
95291
95373
95385
95602
95694
95926
96000
96049
96063
96153
96308
96491
96592
96593
96652
96770
96886
96917
96969
97016
97090
97100
97543
97589
97819
97829
98257
98263
98350
98428
98507
98528
98716
98874
98885
98972
99795
99816
99846
99869
99904
99909
99994
100514
100567
100579
100824
101142
101154
101331
101374
101603
101653
101745
101920
102000
102286
102342
102501
102503
102626
102626
102731
102798
102841
102869
102924
102980
103045
103055
103237
103372
103569
103593
103960
104004
104027
104181
104196
104268
104302
104485
104574
104617
104645
104692
104769
104898
104943
105032
105387
105441
105491
105751
105816
105906
106016
106021
106060
106172
106295
106377
106550
106583
106647
107080
107112
107120
107331
107362
107431
107778
107856
107878
107947
107961
108121
108128
108542
108547
108603
108666
108931
108981
109054
109116
109120
109240
109349
109447
109655
109667
109727
109847
110056
110076
110098
110133
110151
110396
110436
110503
110510
110524
110615
110652
110676
110717
110761
110906
111038
111056
111073
111254
111579
111689
111715
111932
112229
112342
112883
112884
112891
112995
113404
113496
113569
113612
113814
113939
114055
114102
114149
114254
114329
114349
114390
114439
114453
114466
114477
114768
114962
115097
115244
115289
115362
115555
115577
115581
115734
115754
115860
115884
115885
115982
116041
116319
116357
116507
116729
116807
116866
116944
117033
117046
117109
117164
117276
117456
117458
117462
117522
117636
117752
117875
117918
117976
117997
118029
118039
118174
118295
118531
118651
118818
118904
118910
118922
118981
119227
119259
119282
119663
119674
119789
119827
119839
119883
119901
119957
120128
120248
120360
120475
120504
120933
121079
121163
121309
121321
121368
121510
121724
121724
121728
121852
122136
122173
122352
122393
122403
122409
122432
122518
122613
122664
122971
122985
123051
123107
123243
123409
123566
123707
123798
123877
123981
124164
124232
124296
124362
124395
124458
124560
124744
124784
124884
124944
124995
125090
125115
125678
125881
126077
126154
126182
126234
126234
126306
126332
126344
126361
126387
126538
126862
126888
127137
127272
127504
127510
127566
127753
128282
128359
128501
128638
128799
128903
129280
129302
129528
129703
129739
129815
129845
129856
129992
130093
130165
130299
130508
130663
130670
130670
130845
131041
131073
131083
131239
131441
131486
131494
131637
131684
131713
131837
131980
132037
132098
132333
132398
132664
132696
132735
132765
132944
133177
133188
133223
133261
133290
133303
133371
133404
133413
133431
133434
133508
133536
133575
133617
133618
133681
133743
133801
133902
133997
134054
134073
134131
134272
134284
134423
134486
134509
134548
134551
134701
134850
134936
135199
135225
135420
135606
135883
135963
135977
136005
136006
136079
136161
136309
136313
136379
136424
136500
136530
136554
136816
136893
136898
137046
137051
137326
137354
137378
137404
137638
137648
137889
137996
138307
138525
138705
138863
138906
139063
139310
139561
139727
139812
139832
139921
140219
140361
140398
140404
140417
140497
140522
140667
140802
140821
140917
141021
141069
141146
141149
141193
141346
141460
141497
141551
141645
141849
141927
141985
142018
142052
142217
142338
142435
142482
142549
142594
142725
142927
143066
143122
143200
143255
143299
143406
143570
143628
143898
143962
143971
144012
144109
144134
144235
144273
144374
144410
144429
144577
144720
145106
145130
145142
145186
145215
145244
145481
145574
145720
145752
145806
145926
146034
146142
146233
146251
146691
146709
146802
146965
146988
147017
147165
147388
147729
147797
147833
147924
147928
147986
148202
148262
148506
148527
148696
148698
148715
148762
148894
149238
149317
149320
149413
149526
149665
149764
149990
150046
150175
150286
150347
150439
150518
150546
150581
150618
150708
150819
150956
151254
151266
151354
151440
151488
151497
151616
151718
151810
151833
151853
152030
152056
152144
152150
152202
152299
152336
152578
152585
152899
152907
153001
153045
153203
153442
153471
153492
153607
153681
153821
153927
153962
154054
154103
154132
154235
154281
154338
154349
154700
154992
155049
155290
155407
155545
155796
155814
156032
156168
156325
156330
156588
156645
156768
156830
156844
157026
157032
157235
157236
157267
157503
157526
157540
157659
157692
157742
158060
158113
158183
158400
158454
158486
158500
158706
158763
158860
158950
158984
159023
159036
159091
159171
159201
159301
159352
159559
159587
159655
159805
159937
160007
160086
160344
160400
160562
161339
161463
161583
161624
161717
161794
161803
161903
162004
162150
162174
162224
162243
162301
162391
162583
162791
162813
162919
163063
163125
163303
163471
163493
163578
163723
163736
163856
163879
164115
164465
164606
164662
164825
164868
164876
164880
164961
165018
165061
165096
165168
165281
165312
165397
165424
165433
165494
165631
165714
165721
165892
165941
166037
166320
166571
166575
166586
166748
166942
167062
167088
167154
167163
167244
167334
167361
167532
167592
167818
167908
167951
167954
168001
168434
168527
168600
168794
168879
168949
169074
169382
169599
169631
169701
169786
169841
170085
170098
170282
170408
170607
171166
171352
171384
171658
171667
171699
171878
171892
171950
171965
172124
172148
172156
172283
172499
172700
172768
172974
173017
173109
173138
173160
173353
173428
173432
173548
173564
173577
173673
173839
173907
174178
174530
174534
174582
174712
174797
175042
175086
175216
175581
175647
175771
175795
175863
175873
175933
176161
176236
176248
176324
176383
176447
176476
176509
176627
176871
176921
176975
176995
177198
177315
177403
177406
177435
177653
177787
177796
177954
178009
178221
178409
178468
178595
178637
178842
178852
178978
179320
179348
179423
179613
179627
179903
180098
180170
180224
180419
180446
180741
180755
180884
180980
180980
181005
181024
181095
181098
181138
181338
181381
181592
181636
181936
181968
182015
182140
182160
182203
182256
182297
182592
182704
182710
182716
182780
182926
182969
183030
183113
183254
183286
183317
183488
183599
183654
183655
184007
184144
184266
184303
184720
184768
185198
185270
185355
185513
185765
185773
186104
186268
186288
186319
186368
186541
186773
186942
187046
187062
187235
187237
187298
187452
187453
187455
187574
187896
188001
188036
188275
188284
188338
188494
188590
188642
188716
188904
189011
189114
189170
189213
189574
189659
189744
189962
189992
190060
190100
190219
190219
190233
190249
190353
190422
190429
190523
190667
190755
190784
190964
191204
191455
191465
191628
191759
191921
191927
192130
192408
192794
192885
192909
192959
192961
192994
193043
193147
193151
193241
193437
193481
193483
193512
193546
193547
193589
193918
193979
193984
194038
194173
194240
194398
194409
194420
194617
194638
194657
194663
194743
194759
194771
194824
195078
195134
195185
195187
195220
195268
195324
195358
195369
195464
195713
195859
196102
196574
196870
197036
197138
197161
197176
197179
197231
197251
197323
197328
197440
197697
198117
198289
198411
198422
198439
198696
198833
198867
198915
199006
199098
199148
199157
199405
199462
199667
199672
199707
199723
