37
43
78
207
365
588
714
829
861
909
1218
1298
1804
1953
1984
2113
2140
2180
2338
2374
2408
2480
2636
2742
3038
3073
3199
3254
3479
3837
3865
4046
4065
4066
4069
4225
4244
4308
4441
4529
4587
4644
4723
4768
4815
4933
5054
5116
5554
5633
5682
5708
5728
5741
5744
5848
5887
6120
6140
6498
6638
7025
7088
7333
7389
7413
7483
7651
7722
7873
7899
7939
7948
8138
8162
8180
8183
8241
8464
8628
8666
8752
8928
9149
9440
9448
9663
9676
9816
9831
9836
9965
10209
10376
10400
10415
10508
10524
10563
10575
10595
10650
10742
10825
10858
10905
11128
11268
11339
11444
11462
11539
11860
11880
12071
12232
12254
12459
12581
12587
12673
12675
12818
12822
12911
12949
13170
13335
13579
13586
13591
13688
13824
13924
14003
14166
14293
14308
14345
14480
14508
14572
14577
14659
14777
14779
15010
15099
15136
15327
15528
15674
15813
15848
15921
15955
16082
16164
16288
16334
16410
16410
16682
16719
17031
17110
17295
17404
17477
17568
17571
17580
17583
17624
17659
17928
17989
18041
18054
18071
18086
18170
18273
18432
18456
18469
18500
18735
18922
19000
19001
19049
19056
19487
19575
19653
19971
20011
20087
20508
20823
20829
20848
20862
21035
21303
21439
21635
21699
22035
22183
22230
22249
22266
22310
22313
22724
22756
22908
23145
23348
23389
23728
23862
23972
24055
24210
24286
24346
24365
24438
24493
24511
24537
24689
24846
24952
25065
25108
25169
25272
25276
25329
25355
25393
25447
25482
25648
25696
25789
25956
25990
26117
26185
26361
26391
26438
26704
26998
27181
27317
27472
27536
27537
27628
27635
27842
28055
28083
28235
28461
28472
28523
28537
28544
28649
28725
28787
28843
29131
29132
29184
29254
29270
29403
29558
29628
29636
29672
29720
29896
30161
30411
30420
30473
30633
30640
30668
30799
30807
31041
31049
31151
31200
31347
31368
31381
31497
31693
32185
32243
32321
32403
32586
32642
32642
32742
32742
32788
32880
33254
33318
33500
33566
33623
33731
33888
33941
33969
34070
34172
34246
34271
34704
34911
34942
35052
35095
35116
35227
35331
35344
35348
35395
35498
35563
35645
35686
35871
35914
35963
35997
36010
36063
36127
36169
36184
36398
36533
36610
36741
36784
37242
37244
37340
37412
37424
37428
37479
37488
37526
37550
37567
37577
37637
37652
37669
37736
37784
37800
38244
38417
38550
38569
38569
38658
38688
38792
38885
38895
38902
39060
39105
39303
39570
39704
39708
39801
40138
40208
40435
40511
40743
40918
40960
41078
41116
41120
41186
41245
41314
41323
41324
41499
41542
41696
41719
41769
41876
42077
42109
42128
42298
42381
42390
42390
42439
42473
42493
42611
42689
42871
43038
43090
43205
43259
43595
43781
43814
43836
43863
43865
43912
44054
44506
44583
44717
44799
44879
45044
45117
45541
45740
45765
45881
45908
46194
46508
46598
46674
46787
47005
47102
47165
47275
47337
47454
47638
47743
48131
48285
48443
48469
48535
48553
48686
48730
49147
49150
49238
49326
49380
49431
49533
49677
49694
49830
49866
49954
49971
50050
50144
50157
50215
50310
50311
50498
50509
50746
50750
50873
50896
51066
51080
51139
51184
51230
51296
51333
51402
51463
51563
51581
51610
51621
51661
51684
51714
51841
51972
52008
52190
52195
52243
52268
52348
52432
52438
52568
52651
52816
53050
53326
53460
53479
53572
53591
53808
53981
54005
54015
54054
54230
54363
54390
54479
54662
54761
54846
54902
54924
54927
54951
54959
55119
55122
55242
55475
55533
55572
55587
55605
55914
55933
56022
56110
56282
56593
56630
56691
56758
56933
56938
56977
57009
57206
57410
57462
57625
57700
57702
57751
57882
57999
58077
58336
58347
58503
58681
58749
58775
58809
58900
59173
59277
59350
59420
59517
59712
59779
59790
59939
60037
60139
60226
60325
60354
60371
60758
60806
60863
60878
61144
61335
61522
61671
61684
61865
61968
61973
62234
62235
62294
62631
62675
62694
63200
63307
63447
63548
63584
63787
63947
63988
64004
64004
64007
64193
64222
64254
64369
64405
64621
64681
64880
64973
65141
65172
65196
65226
65238
65321
65405
65461
65607
65669
65901
65948
65960
65995
66142
66160
66173
66197
66275
66323
66478
66494
66687
66822
66837
66853
66952
67054
67244
67359
67381
67396
67424
67461
67565
67620
68122
68233
68242
68400
68436
68501
68504
68520
68719
68788
68794
68848
68956
69050
69120
69240
69359
69454
69468
69532
69566
69579
69586
69614
69715
69734
69747
69760
69771
69841
69980
70102
70150
70263
70292
70424
70448
70452
70470
70560
70590
70664
70809
70834
70835
70837
70982
71071
71124
71223
71342
71388
71411
71444
71491
71540
71585
71649
71784
71998
72013
72078
72115
72316
72494
72531
72541
72673
72824
72830
72867
73008
73046
73279
73315
73460
73475
73606
73670
73736
73738
73795
73853
73902
73999
74234
74262
74565
74609
74840
74875
75021
75045
75165
75231
75345
75377
75440
75467
75479
75573
75700
76015
76124
76499
76569
76585
76656
76729
76732
76732
76772
76786
76819
76889
76918
76948
76966
77063
77153
77394
77422
77483
77559
77597
77880
77933
78162
78362
78393
78550
78570
78625
78691
78794
78844
78981
79505
79527
79727
79734
79735
80205
80216
80272
80372
80389
80533
80645
80668
80843
80971
80980
80983
81007
81076
81190
81271
81300
81389
81585
81587
81605
81779
81845
82074
82089
82117
82142
82159
82309
82400
82567
82751
82802
82859
82860
83116
83133
83153
83232
83252
83269
83496
83772
84299
84301
84521
84641
84830
85030
85174
85386
85392
85486
85520
85653
85703
85778
86093
86258
86303
86385
86389
86483
86856
86864
86892
86966
87047
87085
87205
87342
87656
87720
87729
87791
87855
87868
88715
89037
89358
89367
89634
89762
89837
89880
89943
90112
90233
90318
90329
90533
90662
90686
90704
90751
90875
90939
91071
91163
91190
91304
91402
91412
91543
91580
91607
91643
91753
91872
91988
92016
92041
92081
92174
92221
92331
92367
92437
92454
92507
92514
92528
92615
92699
92743
93011
93294
93334
93568
93655
93743
93873
93974
94029
94306
94323
94581
94601
94722
94751
94879
94957
95120
95167
95214
95299
95453
95634
95672
95694
95786
96098
96272
96278
96282
96333
96589
96589
96661
96856
96857
96874
96931
96977
97018
97262
97338
97530
97561
97634
97694
97879
98010
98078
98132
98251
98295
98325
98423
98466
98523
98596
98610
98637
98652
98809
98857
98985
99063
99317
99331
99432
99751
99883
99956
99980
100049
100215
100368
100413
100417
100436
100479
100622
100674
100795
100799
100922
100992
101001
101049
101121
101223
101464
101500
101510
101615
101637
101648
101897
101972
102119
102315
102419
102737
102816
102886
103009
103019
103064
103122
103316
103365
103685
103962
104032
104227
104350
104447
104532
104626
104727
104852
104909
105102
105163
105167
105412
105608
106041
106095
106102
106147
106196
106473
106505
106849
106975
107032
107112
107168
107301
107389
107440
107665
107743
107773
107788
108157
108184
108349
108363
108394
108572
109153
109274
109290
109389
109537
109597
109706
109982
110009
110270
110346
110348
110391
110481
110621
110873
110882
111027
111061
111203
111322
111335
111416
111455
111541
111752
112165
112332
112471
112552
112846
112962
113019
113083
113154
113346
113390
113419
113497
113505
113569
113636
113660
114059
114165
114168
114262
114476
114583
114587
114814
114868
114921
114950
115082
115133
115193
115203
115306
115354
115462
115566
115571
115726
115769
115837
115897
116031
116110
116158
116277
116421
116594
116788
116916
116954
117184
117302
117700
118005
118437
118505
119167
119530
119583
119690
119930
120133
120146
120202
120206
120266
120315
120686
120827
120848
120896
120977
121144
121272
121276
121291
121432
121549
121597
121625
121738
121914
122065
122114
122357
122588
122636
122704
122763
122779
122803
122912
122944
123050
123180
123201
123293
123489
123541
123552
123637
123651
123849
123937
123982
124051
124096
124417
124592
124625
124713
124823
125038
125052
125060
125127
125148
125187
125206
125344
125364
125411
125438
125486
125521
125544
125573
125640
125945
126050
126095
126268
126307
126354
126746
126789
126969
126994
127015
127047
127107
127129
127192
127671
127781
127942
128027
128057
128084
128275
128313
128434
128757
128758
128762
128792
128932
129014
129015
129144
129150
129381
129392
129530
129571
129620
129694
129708
129755
129900
130122
130206
130216
130266
130461
130471
130516
130548
130609
130837
130999
131309
131336
131414
131462
131489
131526
131601
131667
131727
131964
131984
132013
132084
132142
132310
132443
132519
132543
132695
132916
132955
133249
133252
133654
133666
133840
133999
134065
134098
134118
134158
134295
134360
134396
134461
134507
134558
134757
134833
134963
134967
135056
135080
135280
135315
135330
135347
135400
135624
135665
135840
135895
135934
136185
136271
136287
136293
136295
136307
136851
137045
137134
137145
137177
137260
137360
137398
137415
137449
137472
137558
137796
138063
138283
138326
138355
138562
138697
138756
138814
138815
138935
138997
139033
139081
139151
139229
139292
139403
139884
139961
140022
140066
140112
140197
140540
140910
140949
141026
141168
141258
141292
141313
141478
141478
141646
142007
142074
142153
142215
142358
142505
142581
142686
142777
143055
143116
143121
143211
143275
143319
143322
143420
143422
143740
144059
144142
144388
144397
144400
144467
144569
144637
144815
145006
145014
145050
145085
145096
145111
145120
145181
145183
145301
145309
145331
145393
145485
145687
145695
145768
145786
145869
146059
146314
146397
146483
146729
146823
146836
146966
147037
147038
147055
147108
147124
147176
147181
147270
147327
147692
147819
147837
148037
148208
148380
148460
148681
148762
148835
148878
148991
149070
149219
149264
149264
149269
149277
149298
149489
149510
149685
149693
149710
149884
149958
149968
150198
150203
150252
150288
150330
150356
150572
150602
150706
150800
150966
151236
151337
151454
151520
151569
151596
151659
151692
151756
151887
151921
152310
152345
152479
152978
153050
153132
153215
153255
153299
153504
153556
153759
153766
153783
153866
153954
153983
154084
154105
154218
154233
154263
154337
154385
154507
154509
154703
154852
154874
155035
155158
155167
155188
155189
155228
155313
155374
155474
155557
155579
155647
155819
155850
155882
156032
156050
156197
156441
156583
156620
156758
156962
157068
157215
157233
157296
157630
157666
157891
157893
157927
158124
158234
158299
158305
158338
158476
158666
158741
158774
158816
158853
158975
158989
158997
159405
159429
159630
159702
159709
159751
159873
159926
160339
160389
160491
160609
160638
160725
160807
160817
160962
161097
161107
161161
161452
161458
161558
161578
161734
161754
161952
161985
161988
162092
162193
162229
162321
162366
162375
162550
162646
162715
162944
163003
163007
163069
163091
163092
163099
163281
163304
163321
163362
163384
163442
163492
163494
163562
163647
163678
163764
163833
163845
163850
164008
164366
164424
164485
164618
164636
164806
164807
164837
164969
165015
165075
165231
165366
165574
165625
165691
165738
165761
165771
165776
165899
166001
166012
166233
166368
166377
166540
166586
166606
166633
166668
166886
166911
166954
167257
167588
167666
167702
167864
167923
167996
168021
168049
168063
168077
168134
168144
168201
168220
168232
168258
168307
168383
168435
168539
168541
168799
168823
168833
168918
169004
169164
169230
169674
169690
169708
169804
169846
169973
170049
170077
170209
170461
170540
170838
170873
170950
171186
171203
171336
171390
171446
171496
171569
171588
171772
171792
172028
172143
172305
172453
172525
172548
172691
172776
172817
172987
173395
173436
173509
173526
173572
173628
173748
173801
173814
173857
173939
174028
174098
174211
174286
174331
174392
174421
174517
174716
174730
174890
175076
175145
175171
175219
175240
175354
175357
175727
175757
176054
176301
176336
176342
176388
176487
176510
176591
176648
176849
176905
176985
177080
177163
177267
177307
177460
177581
177593
177667
177681
177792
178063
178432
178449
178731
178741
178978
178979
179028
179279
179287
179363
179377
179412
179433
179462
179476
179526
179529
179560
179689
180025
180034
180162
180199
180202
180257
180285
180457
180536
180578
180697
180709
180738
180830
181109
181326
181514
181872
182021
182030
182087
182101
182176
182217
182224
182338
182507
182795
182851
182870
182886
183127
183317
183651
183680
183728
183762
184049
184058
184130
184135
184413
184525
184642
184962
185041
185134
185162
185182
185559
185625
185674
185681
185822
185915
186041
186072
186120
186158
186214
186381
186392
186393
186755
187155
187334
187366
187461
187494
187505
187655
187690
187711
187754
187844
187860
187903
187939
188009
188092
188132
188143
188303
188476
188510
188601
188770
188887
188922
188926
189001
189099
189368
189752
189783
189968
190160
190187
190216
190256
190297
190422
190496
190554
190671
190811
190951
191024
191166
191286
191470
191501
191569
191680
191706
191725
191821
192027
192089
192121
192128
192392
192405
192429
192445
192471
192516
192576
192765
192808
192932
193001
193007
193139
193286
193347
193360
193489
193581
193605
193979
194062
194079
194206
194265
194357
194404
194447
194457
194589
194621
194699
194872
194877
194904
195003
195088
195197
195439
195598
195812
196040
196150
196150
196197
196309
196488
196677
196732
196970
197138
197228
197258
197309
197346
197421
197788
197821
197829
197838
197885
197907
197936
197977
197982
198085
198133
198225
198286
198331
198596
198984
199027
199032
199088
199100
199145
199234
199315
199394
199416
199422
199644
199892
200059
200243
200245
200296
200477
200487
200537
200544
200575
200809
200858
200937
201233
201343
201470
201667
201675
201730
201781
201824
201856
201869
201873
201973
202017
202230
202271
202341
202394
202436
202536
202631
202638
202655
202692
202727
202779
202875
202902
203179
203735
203908
203981
204122
204138
204150
204169
204243
204254
204257
204454
204494
204612
204659
204748
204759
204838
204970
205022
205185
205205
205470
205473
205575
206010
206191
206315
206397
206515
206872
206881
206980
207385
207396
207489
207500
207777
207795
207898
207930
207972
208002
208384
208409
208590
208740
208769
208813
208831
208843
208898
208961
208967
209059
209199
209272
209300
209346
209492
209684
209797
209842
209848
209929
210179
210210
210226
210508
210509
210630
210652
210749
210819
211155
211231
211289
211401
211690
211859
211874
211977
212047
212107
212111
212175
212222
212390
212456
212514
212531
212786
212804
213438
213463
213508
213567
213648
213659
213837
213958
214053
214173
214347
214504
214618
214672
214741
214941
215087
215224
215454
215486
215510
215524
215619
215647
215926
216019
216075
216089
216231
216311
216389
216418
216699
216878
216972
217017
217294
217311
217326
217405
217544
217646
217750
217777
217827
217879
217937
218091
218379
218629
218770
219199
219398
219484
219575
219690
219694
219997
220109
220178
220186
220228
220333
220380
220399
220613
220620
220859
220922
221000
221156
221179
221302
221308
221500
221633
221671
221776
221786
221847
221864
222050
222157
222277
222367
222424
222792
222799
222876
222983
223012
223038
223072
223072
223174
223406
223591
223923
223924
223969
223999
224023
224031
224066
224128
224358
224472
224544
224610
224686
224876
225047
225220
225256
225277
225337
225574
225637
225765
225803
225815
225856
226042
226053
226229
226327
226536
226875
227103
227492
227598
227706
228113
228294
228319
228376
228408
228414
228474
228823
228833
228837
228904
229163
229466
229545
229567
229590
229638
229656
229793
229860
229875
229941
230087
230103
230237
230374
230501
230579
230725
230754
230779
230853
230857
230892
230919
230970
231064
231070
231195
231214
231290
231354
231384
231470
231817
231880
231898
232247
232290
232308
232350
232461
232536
232580
232620
232917
233061
233512
233752
233842
233935
233950
233997
234006
234164
234353
234374
234546
234677
234703
234750
234770
234785
234827
234869
234962
235012
235030
235036
235074
235138
235223
235443
235558
235592
235636
235665
235717
235753
235855
235929
236033
236068
236124
236135
236262
236409
236617
236736
236750
236939
236947
237126
237289
237322
237425
237441
237788
237851
238098
238530
238532
238686
238781
238933
239059
239095
239130
239143
239216
239229
239243
239619
239711
239748
239967
239997
240001
240063
240096
240208
240275
240393
240414
240418
240444
240585
240601
240805
241029
241102
241226
241359
241735
241864
241924
241980
242052
242072
242164
242242
242301
242310
242575
242607
242663
242732
242754
243004
243299
243583
243632
243713
243728
243766
244017
244022
244109
244209
244387
244399
244466
244815
244840
244922
244936
244941
245131
245172
245252
245308
245332
245341
245400
245444
245556
245559
245639
245674
245729
245802
245814
246070
246223
246295
246422
246668
246700
246812
246973
247049
247141
247191
247503
247758
247882
247890
247913
247957
247984
248039
248090
248098
248397
248432
248504
248690
248859
248876
249022
249025
249193
249207
249215
249270
249409
249444
249457
249513
249763
250095
250154
250168
250185
250217
250218
250235
250274
250274
250315
250354
250719
250861
250910
250936
251099
251215
251288
251535
251846
252054
252116
252166
252349
252397
252436
252469
252493
252572
252577
252696
252723
252994
253000
253257
253299
253349
253552
253827
253844
253856
253879
253955
253985
254010
254046
254288
254307
254364
254411
254491
254580
254671
254678
255045
255103
255115
255139
255206
255216
255319
255403
255497
255605
255682
256094
256121
256130
256170
256185
256263
256269
256359
256498
256952
256970
257127
257240
257300
257302
257359
257649
257850
257975
258144
258204
258255
258351
258381
258570
258618
258831
258890
259167
259413
259543
259599
259832
259928
259965
260195
260241
260374
260515
260675
260869
260902
260985
261028
261130
261208
261313
261407
261601
261730
261904
261921
262007
262056
262121
262299
262340
262450
262506
262681
262719
262808
262886
262915
263113
263174
263208
263249
263358
263366
263394
263400
263419
263429
263465
263547
263653
263726
263799
263807
264024
264405
264486
264738
264808
264888
264961
265045
265090
265196
265238
265345
265587
265595
265623
265822
265917
265985
266025
266066
266250
266552
266656
266673
266685
266846
266880
266988
267057
267089
267300
267355
267361
267362
267741
267825
268105
268124
268161
268219
268230
268293
268302
268349
268456
268529
268534
268576
268704
268762
268898
268960
269212
269707
269909
269957
270108
270124
270155
270302
270471
270621
270811
271062
271174
271194
271217
271302
271332
271509
271521
271762
271794
272033
272163
272207
272241
272278
272427
272792
272915
272972
272992
273134
273221
273353
273477
273500
273533
273803
273995
274021
274068
274069
274101
274517
274538
274576
274593
274601
274610
274670
274670
274696
274803
274954
275024
275075
275094
275257
275485
275534
275542
275571
275580
275674
275973
276036
276046
276048
276108
276154
276331
276376
276490
276504
276530
276734
276813
276885
277028
277110
277145
277188
277242
277345
277472
277511
277585
277637
277668
277757
277910
277931
278022
278029
278231
278243
278386
278395
278499
278697
278806
278849
279072
279332
279344
279380
279406
279502
279550
279628
279657
279761
279862
279938
280142
280152
280177
280206
280264
280304
280487
280669
280710
280729
280776
280922
281049
281064
281132
281302
281629
281906
282014
282159
282381
282387
282398
282430
282458
282511
282521
282577
282582
282598
282600
282601
282814
283159
283220
283444
283485
283665
283821
283928
284031
284158
284183
284331
284384
284454
284462
284620
284670
284766
284768
284816
284955
285117
285538
285602
285721
285740
286057
286097
286107
286166
286189
286243
286251
286299
286460
286512
286544
286628
286876
286885
286924
286990
287000
287016
287217
287243
287323
287557
287721
287883
287962
287989
288048
288061
288065
288191
288236
288292
288391
288476
288510
288555
288605
288881
289109
289210
289219
289253
289330
289390
289404
289450
289569
289730
290192
290280
290290
290309
290317
290577
290656
290680
290725
290801
290909
290966
291051
291069
291076
291291
291307
291484
291729
291768
291816
291989
291989
292044
292173
292394
292481
292711
292802
292850
292992
293006
293008
293068
293190
293253
293416
293481
293583
293691
293710
293738
293793
293863
293864
293877
293885
294193
294244
294246
294376
294403
294775
294783
295416
295661
295664
295682
295689
295709
295742
295767
295797
295893
295965
296001
296110
296418
296488
296713
297569
297608
297617
297671
297687
297712
297758
297976
298043
298103
298256
298301
298369
298527
298534
298753
299254
299678
299679
299733
299932
299941
299986
300068
300084
300146
300319
300362
300369
300509
300588
300652
300907
300971
301003
301020
301618
301636
301787
301928
301977
302342
302443
302527
302583
303183
303505
303633
304777
304827
304959
305291
305294
305401
305529
305608
305730
305845
305917
305956
305976
306098
306195
306222
306235
306239
306278
306304
306376
306377
306553
306595
306889
306937
306969
306981
307018
307340
307403
307479
307581
307651
307739
307741
307803
307921
307960
308142
308207
308216
308371
308630
308631
308925
308937
308951
309092
309210
309246
309473
310113
310433
310436
310533
310602
310777
311147
311173
311400
311618
311819
312463
312609
312661
312814
312836
312907
312937
312979
313145
313239
313319
313366
313418
313435
313539
313647
313746
313825
314254
314276
314295
314418
314587
314605
314731
314825
314846
314857
314914
314997
315129
315253
315258
315277
315300
315323
315389
315416
315433
315545
315587
315705
315777
315924
316051
316146
316225
316234
316242
316242
316358
316392
316550
316673
316799
316867
316904
316973
317405
317471
317484
317675
317678
317849
318140
318142
318274
318289
318450
318741
318774
318843
318894
319101
319109
319144
319391
319412
319433
319433
319454
319709
319748
319806
319832
319979
320060
320080
320197
320287
320363
320478
320558
320728
320875
320961
321135
321257
321625
321692
321765
321825
321854
322073
322165
322183
322185
322295
322297
322410
322513
322563
322576
322621
322637
322651
322839
322880
322981
323051
323123
323192
323213
323231
323357
323372
323616
323642
323832
323834
323887
323941
323950
324050
324237
324292
324299
324308
324358
324454
324465
324637
324710
324726
324885
324886
324948
324957
325054
325174
325192
325256
325302
325317
325411
325566
325653
325684
326059
326062
326150
326421
326458
326538
326545
326614
326684
326835
326869
326971
327016
327018
327040
327077
327149
327350
327552
327617
327661
327693
327819
327864
328091
328142
328146
328158
328175
328337
328353
328424
328542
328553
328628
328733
328781
328879
329068
329082
329148
329183
329208
329532
329603
329615
329776
329831
329841
329949
329992
330079
330131
330178
330218
330248
330462
330723
330787
330812
330828
330842
331025
331110
331222
331249
331341
331345
331569
331719
331815
331872
331962
332038
332049
332235
332312
332377
332994
333208
333275
333451
333532
333622
333767
333791
333804
333810
333868
333894
333961
334136
334644
334667
334894
334951
335017
335067
335142
335384
335433
335451
335520
335531
335622
335723
335835
335984
336065
336259
336351
336581
336643
336965
337018
337088
337104
337120
337185
337219
337244
337270
337309
337381
337730
337902
337956
338084
338190
338331
338449
338531
338768
338898
338930
338964
339202
339238
339317
339349
339354
339359
339443
339509
339533
339576
339581
339584
339771
339949
340010
340117
340128
340225
340270
340334
340492
340610
340758
340798
341122
341357
341398
341433
341575
341788
341880
341929
341980
342056
342236
342263
342427
342454
342468
342474
342478
342704
342720
342753
342764
342955
343208
343451
343462
343570
343598
343651
343705
343737
343867
343880
343881
343922
343935
343948
344005
344023
344104
344205
344226
344319
344619
344705
344740
344800
345165
345243
345302
345498
345528
345534
345539
345899
345921
346135
346219
346228
346241
346510
346683
346728
346903
347021
347051
347187
347271
347338
347365
347445
347457
347462
347675
347767
347964
348004
348062
348213
348333
348352
348444
348644
348684
348871
348890
348986
349394
349400
349654
349910
349937
349989
349998
350012
350130
350159
350188
350277
350338
350364
350477
350545
350586
350760
350796
350952
351131
351238
351397
351430
351538
351552
351766
351954
352051
352302
352395
352478
352719
352725
352762
352789
352797
352833
352937
352977
353104
353153
353176
353476
353481
353584
353610
353633
353641
353822
353875
353942
353987
354092
354783
355041
355066
355108
355166
355196
355257
355319
355350
355424
355490
355511
355835
355987
355997
356011
356044
356075
356090
356106
356193
356277
356290
356464
356759
356794
356880
356882
356990
357010
357106
357266
357297
357752
357884
357919
358004
358110
358170
358226
358413
358668
358675
358691
358945
359060
359086
359365
359569
359818
359838
359912
359979
360273
360355
360369
360640
360642
360643
360742
360798
360803
360847
360885
360925
361213
361237
361331
361626
361648
361673
361738
361791
361847
362127
362185
362215
362300
362405
362496
362676
362763
362788
362883
363002
363065
363152
363356
363750
363766
364072
364085
364286
364479
364489
364633
364737
364738
364762
364802
364810
364846
364880
365117
365121
365156
365213
365249
365249
365303
365342
365354
365406
365572
365574
365606
365787
365873
365910
366085
366149
366286
366335
366577
366581
366770
366830
366882
366936
366955
367096
367202
367237
367341
367579
367599
367823
368262
368367
368415
368447
368816
369147
369185
369833
369877
369893
370068
370121
370122
370154
370160
370338
370499
370502
370565
370652
370861
371283
371488
371516
371545
371552
371585
371764
371927
371949
371973
372013
372035
372110
372125
372133
372183
372190
372246
372262
372323
372388
372429
372531
372642
372727
372843
372955
372981
373021
373125
373209
373291
373545
373556
373562
373612
373613
373661
373691
373913
373930
374186
374708
374753
374778
374848
374938
374972
374979
375210
375298
375312
375336
375434
375446
375778
375902
375913
375982
376129
376251
376350
376388
376394
376489
376716
376810
376998
377058
377060
377069
377144
377252
377302
377317
377345
377356
377724
377727
377961
378211
378401
378457
378458
378517
378601
378661
378716
378728
379030
379105
379262
379336
379386
379741
379951
379998
380023
380152
380238
380519
380580
380601
380763
380826
381031
381136
381173
381192
381223
381247
381424
381475
381511
381626
381700
381983
382201
382213
382295
382420
382436
382456
382501
382610
382862
383028
383232
383241
383451
383522
383546
383617
383691
383759
383820
383919
383951
383977
384017
384153
384253
384253
384305
384334
384362
384395
384482
384483
384720
384927
384944
384956
385328
385476
385652
385667
385692
385721
385768
385948
385995
385996
386083
386364
386683
386973
387002
387048
387127
387157
387330
387419
387451
387556
387749
387786
387810
387836
388008
388147
388400
388646
388734
388785
389044
389109
389411
389441
389459
389532
389821
389902
390031
390176
390290
390325
390330
390349
390682
390833
391074
391077
391286
391446
391597
391804
391992
392069
392094
392111
392173
392265
392391
392408
392504
392564
392646
392705
392930
393083
393250
393675
393906
393932
393955
394152
394181
394249
394610
394621
394659
394725
394745
394869
395096
395492
395546
395764
396057
396122
396431
396469
396569
396906
396963
396997
397079
397130
397151
397212
397358
397404
397435
397488
397497
397518
397538
397541
397786
397800
397922
398007
398132
398157
398302
398571
398699
398753
398786
399068
399186
399490
399667
399739
399810
399961
400135
400146
400164
400198
400351
400561
400732
400754
400757
400884
400899
401023
401083
401172
401333
401352
401462
401538
401816
401859
401947
402056
402237
402276
402310
402310
402363
402486
402599
402644
402661
402873
403164
403208
403237
403505
403545
403680
403738
403739
403855
404020
404064
404159
404303
404343
404362
404371
404431
404457
404509
404761
404850
404866
405072
405227
405341
405383
405563
405902
405947
405986
406158
406250
406513
406513
406932
407159
407435
407554
407801
407918
407967
408038
408170
408298
408351
408469
408565
408696
408810
408972
409033
409195
409217
409252
409308
409371
409740
409755
409784
409999
410184
410265
410419
410527
410563
410568
410713
410998
411043
411166
411339
411448
411542
411610
411643
411737
411790
411853
411931
411994
412000
412062
412378
412637
412658
412686
412701
412777
412827
412861
413049
413072
413084
413084
413117
413125
413136
413137
413142
413276
413316
413370
413378
413450
413562
413605
413853
414232
414276
414319
414321
414336
414354
414801
414891
415008
415215
415259
415295
415422
415497
415546
415573
416424
416449
416609
416628
416720
416861
417005
417150
417196
417232
417453
417576
417604
417626
417626
418005
418163
418237
418237
418303
418330
418403
418441
418502
418624
419045
419046
419165
419329
419415
419455
419484
419547
419670
419858
419892
419901
419979
420521
420746
420949
421018
421153
421581
421795
421856
421864
421928
422568
422675
422758
422962
423038
423074
423133
423144
423264
423615
423913
423979
424110
424179
424250
424362
424368
424489
424610
424676
424707
424750
424856
425145
425204
425312
425473
425607
425668
425703
425708
425881
425916
425924
426035
426037
426069
426130
426186
426305
426517
426970
427064
427237
427316
427335
427694
427724
427725
427751
427784
427889
427905
427942
427988
428152
428212
428423
428553
428556
428610
428883
428945
429004
429038
429152
429164
429213
429394
429413
429454
429571
429793
429799
429860
429878
429922
429972
430073
430249
430292
430330
430364
430375
430397
430428
430429
430449
430475
430709
430745
430750
430755
430877
430882
430893
431174
431177
431490
431502
431531
431578
431609
431701
431918
432071
432171
432428
432703
432705
432790
432839
433183
433214
433278
433335
433381
433396
433431
433480
433663
433702
433893
434192
434193
434317
434379
434432
434482
434482
434577
434589
434717
434718
434766
434929
434987
435258
435372
435395
435456
435600
435641
435754
435793
435995
436306
436424
436641
436778
436895
436919
437120
437131
437221
437362
437440
437494
437509
437688
437834
437900
438041
438234
438248
438325
438427
438511
438621
438778
438939
439040
439220
439260
439326
439381
439621
439743
439972
440116
440174
440247
440263
440387
440408
440468
440493
440522
440830
440888
440912
441072
441137
441243
441491
441625
441636
441753
441848
441908
441998
442017
442265
442274
442287
442307
442506
443032
443092
443123
443136
443319
443480
443497
443535
443627
443701
443778
443801
443940
443961
443992
444279
444285
444583
444701
444797
444996
445020
445113
445124
445147
445421
445488
445491
445643
445794
445907
445921
446032
446045
446180
446208
446307
446331
446506
446520
446819
446876
446882
446988
447096
447165
447257
447411
447607
447815
447828
447900
447954
448097
448100
448154
448203
448216
448354
448359
448473
448710
448844
448859
448879
449101
449353
449388
449736
449787
449833
450126
450382
450523
450582
450816
450870
450922
450955
451112
451186
451225
451491
451649
451828
451960
452149
452217
452427
452528
452574
452821
452855
452880
452904
452969
453472
453504
453591
453649
453785
454132
454249
454453
455153
455177
455396
455503
455514
455613
455963
456090
456160
456208
456277
456547
456548
456600
456687
456689
457114
457162
457313
457396
457522
457525
457621
457667
457680
457748
457848
457883
457910
458043
458208
458453
458564
458641
458804
458971
459054
459239
459306
459449
459500
459554
459644
459831
459835
459880
459999
460043
460236
460244
460310
460438
460625
460628
460716
460730
460749
460778
460806
461020
461210
461294
461403
461650
461687
461742
461834
461907
461934
461952
461955
461970
461996
462055
462075
462276
462674
462692
462735
462757
462881
462955
463014
463029
463029
463064
463103
463161
463223
463231
463269
463416
463449
463555
463682
463684
463796
463796
463845
463848
463878
463969
464067
464136
464234
464292
464443
464466
464845
464949
464961
465064
465120
465294
465346
465355
465588
465612
465892
465925
465988
466081
466165
466172
466195
466364
466425
466565
466634
466766
467050
467090
467217
467269
467726
467739
467754
467786
467798
467838
468091
468103
468108
468115
468120
468348
468466
468652
468798
468892
468919
469061
469085
469116
469393
469423
469440
469562
469612
469796
469881
470281
470407
470502
470521
470740
470747
470839
470957
471015
471127
471273
471346
471554
471660
471773
471855
471895
471917
471979
472038
472108
472120
472206
472279
472315
472553
472576
472592
473105
473126
473186
473220
473236
473648
473746
473781
473890
473933
474136
474276
474323
474381
474470
474531
474652
474660
474760
475165
475178
475261
475266
475296
475506
475524
475567
475602
475620
475973
476062
476103
476113
476269
476293
476343
476475
476711
476779
476803
476870
477040
477059
477073
477179
477240
477297
477459
477507
477594
477716
477925
477959
477963
477976
478061
478385
478526
478654
478725
478759
478894
478966
479126
479223
479233
479295
479398
479499
479526
479667
479799
479804
479819
479932
479954
480020
480108
480130
480152
480257
480301
480326
480413
480433
480469
480553
480611
480618
480729
480813
480846
480958
481040
481128
481244
481273
481331
481492
481527
481532
481693
481773
481936
482001
482029
482142
482232
482310
482571
482658
482673
482685
482696
482724
482844
482858
482876
482892
482911
483109
483742
483974
483982
484140
484354
484426
484732
484801
484809
484985
485207
485304
485364
485489
485532
485596
485635
485706
485869
486028
486122
486197
486198
486336
486371
486494
486634
486656
487162
487481
487584
487917
487936
487937
488060
488132
488182
488469
488551
488555
488590
488732
488763
489003
489029
489077
489126
489140
489186
489194
489263
489267
489343
489454
489564
489581
489907
489929
489989
490080
490120
490319
490357
490409
490603
490608
490648
490757
491017
491177
491189
491229
491395
491538
491586
491663
491688
491840
491899
492094
492262
492278
492351
492379
492387
492389
492424
492635
492894
493028
493229
493234
493324
493350
493371
493548
493553
493595
493643
493757
493760
493767
493827
493848
493851
493955
494037
494039
494074
494206
494792
495261
495522
495590
495654
495731
495742
495894
495941
496161
496232
496274
496303
496312
496330
496451
496740
496784
496925
496968
497029
497043
497064
497086
497188
497281
497396
497488
497554
497624
497624
497694
497886
497983
497990
498094
498215
498279
498289
498322
498409
498597
498650
498780
499360
499481
499647
