17
29
346
368
776
1106
1108
1137
1376
1405
1618
1653
1720
1794
1871
2028
2043
2069
2275
2310
2463
2613
2773
2817
2908
3021
3021
3101
3191
3387
3578
3641
3990
4075
4086
4118
4131
4145
4332
4607
4643
4725
4773
4834
5134
5174
5194
5293
5303
5390
5487
5507
5639
5666
5735
6000
6064
6125
6253
6287
6292
6462
6589
6605
6811
7137
7139
7163
7280
7419
7602
7643
7686
7689
8119
8200
8383
8466
8502
8613
8818
8908
8961
9142
9145
9243
9431
9482
9488
9498
9730
9790
9802
9842
10005
10121
10719
10801
10847
10985
11074
11176
11214
11355
11418
11627
11694
11738
11745
11781
12020
12086
12091
12131
12196
12500
12744
12786
12850
12984
13181
13210
13270
13323
13494
13497
13580
13768
13947
14053
14095
14180
14729
14774
14861
15083
15254
15358
15378
15488
15726
15749
15997
16067
16110
16345
16616
16632
16753
16759
16767
16837
16997
17113
17127
17170
17185
17207
17463
17476
17545
17669
17820
17904
17919
17991
18190
18342
18512
18818
19027
19199
19244
19264
19521
19591
19620
19635
19636
19753
19764
19813
20061
20140
20262
20300
20399
20432
20462
20485
20563
20567
20731
20983
20994
21056
21090
21152
21226
21247
21328
21363
21401
21512
21654
21864
22007
22108
22128
22149
22164
22223
22264
22267
22381
22462
22495
22587
22717
22748
22793
22813
22925
23098
23101
23104
23252
23304
23418
23473
23511
23533
23577
23617
23642
23704
23815
23868
23870
23902
23968
24002
24115
24162
24215
24237
24242
24433
24556
24566
24613
24758
24763
24834
24921
24979
25022
25073
25240
25309
25663
25666
25685
25907
26071
26174
26399
26477
26528
26641
26643
26728
26916
27190
27298
27456
27524
27591
27632
27676
27693
27961
28008
28041
28077
28134
28169
28184
28185
28245
28414
28479
28642
28901
28922
29024
29071
29199
29199
29224
29558
29730
29818
29950
30106
30187
30226
30247
30496
30590
30653
30671
30701
30886
31118
31141
31163
31180
31188
31426
31591
31705
31720
31743
31756
31937
32220
32282
32444
32490
32781
32811
32949
33042
33056
33070
33157
33188
33210
33413
33468
33519
33717
33750
33796
33838
33974
33985
33999
34051
34061
34085
34198
34212
34350
34364
34404
34455
34596
34650
34762
34814
35073
35147
35180
35194
35360
35410
35566
35697
35718
35779
35916
36046
36215
36248
36524
36552
36566
36621
36711
37015
37030
37104
37184
37281
37307
37344
37399
37457
37646
37682
37685
37700
37862
37908
38000
38039
38236
38237
38319
38697
38716
39011
39388
39519
39543
39563
39595
39735
39759
39784
39862
40017
40022
40048
40068
40130
40275
40290
40345
40512
40607
40615
40743
40757
40998
41140
41219
41239
41293
41299
41347
41409
41545
41664
41818
41858
41898
42338
42338
42613
42869
42952
42979
43022
43099
43111
43184
43360
43472
43526
43697
43794
43948
44010
44030
44156
44241
44251
44300
44513
44527
44762
44887
44895
45314
45527
45750
45793
45989
46052
46526
46529
46702
46744
46759
46772
46876
46930
47072
47099
47141
47166
47307
47385
47412
47506
47519
47536
47810
47898
48045
48151
48206
48289
48389
48487
48617
48832
48981
49229
49401
49724
49747
49843
49854
49909
49909
49928
50401
50405
50499
50787
51035
51083
51257
51364
51517
51591
51624
51633
51746
51796
51850
51878
51925
51932
51956
51998
52077
52127
52233
52243
52287
52360
52389
52598
52626
52681
52759
52856
52927
52991
53048
53134
53151
53366
53640
53723
53762
53832
53899
54087
54160
54204
54215
54216
54334
54364
54390
54619
54648
54780
54794
54960
54995
55024
55165
55304
55377
55466
55536
55840
55909
55949
55953
56255
56319
56539
56583
56626
56627
56829
56902
56954
57205
57209
57212
57254
57650
57703
57710
57711
57728
57856
57999
58017
58083
58252
58272
58402
58591
58629
58707
58840
58877
58921
59135
59245
59301
59303
59616
59653
59854
59865
59930
60081
60236
60374
60496
60648
60693
60794
60843
60991
61067
61296
61378
61385
61563
61816
61820
62058
62133
62151
62470
63080
63329
63362
63425
63443
63483
63565
63577
63578
63687
63705
63882
64189
64746
64842
65175
65245
65353
65389
65394
65421
65614
65666
65870
65998
66035
66069
66591
66701
66731
66787
66920
66953
66994
67105
67198
67419
67462
67486
67543
67600
67603
67692
67695
68161
68176
68283
68472
68511
68664
69141
69359
69409
69427
69502
69574
69767
69846
70012
70014
70176
70298
70331
70340
70453
70678
70721
70832
70835
70988
70999
71120
71582
71698
71713
71747
71748
71953
72027
72080
72156
72284
72344
72360
72425
72473
72499
72554
72650
72697
72799
72850
72852
72963
72964
73172
73362
73389
73441
73842
73876
74015
74252
74270
74287
74553
74562
75043
75053
75137
75155
75163
75204
75217
75563
75632
75699
75713
75813
75821
75858
75900
75967
76073
76150
76216
76229
76424
76614
76696
76749
76788
77022
77108
77152
77322
77323
77394
77563
77612
77632
77721
77810
77830
77960
77999
78009
78033
78067
78218
78286
78298
78337
78438
78464
78550
78574
78616
78749
79071
79459
79480
79682
79787
79830
80187
80455
80583
80640
80662
80764
80790
80838
80967
81069
81179
81240
81276
81280
81359
81372
81375
81397
81455
81591
81814
81851
82019
82051
82132
82201
82295
82306
82308
82364
82512
82569
82708
82726
82742
82794
82894
83015
83273
83421
83482
83583
83589
84330
84372
84435
84551
84678
84697
84810
84964
85004
85037
85177
85192
85234
85368
85419
85554
85588
85613
85624
85637
85914
86038
86107
86123
86157
86200
86412
86517
86695
86970
86972
87193
87255
87342
87438
87509
87586
87589
87621
87683
87725
87757
87770
87901
87955
87963
87972
88168
88204
88241
88307
88389
88497
88502
88841
88891
89001
89026
89093
89103
89397
89418
89508
89533
89738
89795
89896
89945
90000
90113
90224
90305
90413
90616
90678
90872
90961
91057
91073
91277
91278
91455
91713
91800
91814
91961
92109
92146
92472
92805
93174
93286
93675
93781
93962
94013
94092
94430
94518
94666
94704
94755
94843
94902
94986
95019
95020
95045
95067
95072
95245
95366
95479
95556
95716
95984
96195
96416
96577
96655
96724
96768
96788
96797
96924
97097
97233
97365
97405
97485
97499
97526
97531
97553
97634
98024
98027
98091
98094
98117
98161
98291
98307
98450
98494
98530
98758
98788
98823
98825
99027
99072
99083
99083
99311
99340
99442
99589
99673
99745
99825
99925
99934
100001
100085
100280
100287
100307
100334
100356
100392
100399
100437
100449
100657
100695
100703
100784
100924
101140
101173
101188
101316
101535
101852
101859
101900
102184
102258
102484
102508
102625
102729
102809
102868
103022
103078
103132
103136
103178
103183
103192
103258
103600
103910
104031
104047
104069
104113
104271
104316
104324
104555
104577
104716
104721
104749
104866
104906
105047
105148
105193
105364
105465
105466
105470
105666
105785
105796
105866
105967
106054
106214
106238
106421
106448
106538
106544
106701
106819
106820
106842
107071
107249
107275
107276
107297
107373
107427
107664
107904
107931
107937
108161
108345
108363
108627
108722
108779
108835
108839
108855
108921
108944
108958
109227
109377
109430
109527
109662
109669
109710
109873
109963
109969
110005
110058
110187
110201
110339
110470
110540
110603
110653
110787
110968
110998
111084
111103
111158
111315
111358
111383
111428
111500
111531
111539
111539
111706
111953
112329
112337
112364
112410
112439
112449
112700
112715
112959
113007
113047
113077
113124
113144
113221
113280
113309
113343
113421
113433
113652
113658
113799
113934
114064
114326
114463
114473
114498
114551
114707
114943
114992
115102
115237
115274
115281
115445
115606
115641
115682
115813
115878
115911
116081
116257
116633
116673
116923
117038
117096
117135
117205
117242
117270
117402
117761
117775
117860
117903
117951
117992
117997
118031
118043
118245
118253
118357
118361
118383
118407
118462
118524
118548
118628
118630
118642
118667
118724
118836
118909
119019
119082
119395
119595
119702
119744
120162
120392
120417
120541
120729
120790
120830
120855
120973
121041
121084
121328
121364
121416
121487
121553
121574
121842
121844
121940
121952
121968
121979
122074
122236
122298
122315
122332
122408
122526
122673
122712
122909
122948
122960
123176
123388
123530
123547
123805
123855
123875
123931
124234
124388
124451
124493
124497
124506
124843
125056
125124
125140
125402
125638
125656
125660
125708
125870
126033
126128
126517
126559
126573
126819
126941
127010
127018
127216
127278
127683
127728
127795
127830
127841
127908
127991
128003
128014
128032
128184
128234
128289
128369
128470
128636
128718
128859
128934
128961
129082
129190
129329
129402
129634
129649
129677
129687
129869
130017
130021
130460
130501
130725
130810
130830
131008
131010
131029
131244
131347
131383
131398
131561
131583
131992
132142
132218
132220
132231
132361
132473
132599
132758
132761
132928
132959
133175
133210
133302
133336
133357
133383
133434
133495
133554
133661
133756
133988
134053
134116
134349
134388
134404
134430
134441
134724
134776
135062
135110
135127
135208
135317
135319
135418
135581
135804
135928
135931
135955
136203
136241
136268
136295
136348
136420
136653
136754
136915
137006
137117
137225
137333
137391
137432
137508
137624
137689
137730
137900
137956
138012
138044
138052
138106
138166
138222
138498
138635
138664
138998
139021
139059
139127
139200
139324
139417
139559
139587
140183
140396
140452
140493
140500
140607
140810
140923
141051
141186
141206
141443
141471
141561
141635
141674
141737
141799
141880
141920
141945
142035
142092
142306
142351
142500
142562
142723
142771
142856
142946
143047
143377
143455
143475
143618
143647
143774
143960
143974
144000
144019
144039
144071
144075
144210
144251
144342
144488
144571
144678
145040
145145
145238
145411
145419
145463
145486
145719
145750
146002
146116
146200
146230
146247
146368
146638
146910
146935
146973
147191
147197
147273
147442
147498
147555
147702
147787
147817
147901
148054
148385
148409
148506
148519
148547
148617
148692
148761
148790
148872
148873
148885
148906
149091
149146
149231
149334
149397
149487
149616
149706
149912
150114
150127
150147
150322
150326
150396
150458
150553
150583
150680
150762
150825
151031
151033
151233
151310
151358
151408
151532
151555
151753
151787
151958
152210
152263
152346
152525
152704
152793
152822
152928
153342
153654
153660
153759
153825
153898
154043
154294
154437
154533
154589
154609
154619
154900
155126
155176
155229
155326
155534
155741
155753
155817
155825
155858
155916
155987
156306
156396
156544
156642
156699
156784
156939
157327
157392
157437
157462
157692
157733
157808
157836
158038
158053
158071
158109
158252
158348
158367
158381
158406
158557
158577
158794
158823
158844
158929
158950
159243
159391
159427
159501
159514
159601
159761
159765
159983
160055
160067
160262
160355
160362
160510
160722
160786
160844
160885
160891
160905
160935
161260
161415
161459
161513
161762
161797
161909
161926
161936
161953
162124
162197
162344
162344
162419
162484
162571
162630
162697
162744
162768
162813
162992
163013
163017
163044
163061
163263
163360
163685
163757
163892
163993
164027
164108
164137
164268
164371
164407
164665
164710
164721
164763
164840
165103
165504
165558
165820
165910
165916
165926
166017
166070
166227
166240
166242
166563
166658
166900
166924
166925
166939
167083
167278
167302
167625
167684
167744
167753
168202
168286
168365
168390
168550
168714
168770
168973
168991
169036
169119
169128
169224
169414
169488
169522
169526
169673
169686
169686
169734
169834
169843
169848
169926
170211
170332
170346
170578
170848
170957
170976
171103
171168
171195
171293
171336
171358
171363
171436
171439
171451
171551
171556
171617
171640
171775
171836
172076
172120
172206
172266
172286
172297
172361
172373
172440
172481
172485
172537
172555
172569
172707
172717
172738
172887
172933
172947
172966
173224
173252
173284
173286
173344
173373
173555
173662
173978
174064
174101
174113
174290
174383
174402
174531
174572
174695
175043
175051
175069
175072
175219
175478
175483
175595
175607
175708
175892
176135
176278
176376
176479
176691
176722
176822
176922
177162
177211
177238
177239
177268
177310
177326
177497
177508
177598
177643
177737
177920
178038
178380
178401
178430
178448
178474
178474
178564
178646
178744
178839
178980
179098
179106
179115
179128
179399
179684
179732
179760
179836
180268
180295
180431
180508
180655
180682
180868
180891
181117
181235
181252
181400
181420
181594
181601
181696
181756
181855
181996
182033
182178
182344
182495
182496
182599
182604
182611
182617
182647
182744
183069
183072
183176
183347
183357
183462
183643
184090
184143
184357
184377
184394
184428
184513
184541
184619
184705
184742
184799
184865
184882
185228
185390
185415
185445
185537
185635
185696
186163
186283
186383
186471
186572
186572
186627
186653
186686
186709
186761
186804
186880
186940
186949
186952
186970
187161
187211
187370
187410
187526
187776
187834
187952
187998
188164
188342
188447
188564
188638
188925
189115
189263
189325
189404
189532
189544
189740
189745
189872
189960
190015
190084
190168
190168
190199
190368
190621
190877
191149
191159
191161
191210
191418
191419
191497
191583
191596
191822
191856
191932
191976
192007
192170
192174
192201
192308
192310
192420
192485
192516
192953
193054
193061
193119
193591
193628
193938
194003
194044
194050
194196
194272
194359
194360
194376
194508
194593
194759
194809
195044
195045
195048
195116
195375
195467
195509
195843
196063
196095
196208
196299
196323
196356
196431
196443
196502
196761
196802
196952
197015
197099
197375
197465
197551
197739
197851
198080
198112
198446
198561
198581
198622
198642
198721
198739
198740
198801
198904
199010
199081
199261
199635
199670
199672
199758
199848
199932
199968
199981
200002
200205
200259
200263
200434
200727
200781
200836
200975
201192
201308
201816
201987
202061
202152
202211
202503
202516
202561
202568
202674
203121
203424
203453
203611
203660
203675
203700
203985
203987
204286
204286
204304
204363
204422
204477
204502
204545
204759
204792
204815
204887
204911
204977
205052
205106
205110
205126
205384
205447
205447
205453
205940
206082
206100
206317
206344
206706
206708
206834
207122
207166
207194
207548
207684
208033
208073
208565
208580
208590
208636
208698
208717
208756
208775
209071
209078
209091
209135
209217
209223
209345
209377
209419
209435
209456
209461
209502
209668
209912
209940
209969
210125
210147
210460
210462
210477
210508
210538
210552
210556
210676
210709
210967
211153
211508
211532
212016
212175
212420
212496
212510
212666
212966
213073
213081
213198
213264
213286
213324
213385
213622
213654
213911
213915
214085
214431
214500
214512
214646
214672
214711
214716
214722
214908
214926
215174
215288
215429
215497
215501
215506
215564
215747
216086
216092
216101
216277
216355
216384
216562
216899
216991
217077
217346
217449
217458
217691
217737
218038
218076
218098
218449
218465
218491
218615
218669
218702
218706
218840
219060
219245
219350
219359
219416
219729
219841
219916
220523
220603
220754
220913
221168
221190
221347
221369
221418
221468
221533
221543
221666
221706
221709
221772
222080
222384
222426
222459
222809
222989
223151
223356
223465
223622
223631
223829
224020
224135
224320
224390
224470
224476
224505
224695
224760
225063
225252
225310
225331
225401
225573
225601
225762
225782
225916
225985
226228
226424
226478
226715
226722
226831
226846
226892
227126
227359
227410
227492
227519
227571
227580
227600
227638
227802
227850
227950
228046
228064
228428
228504
228524
228548
228662
228702
228726
229197
229201
229254
229276
229327
229412
229476
229553
229637
229638
229935
230438
230538
230667
230732
230750
230759
230846
230911
230949
231053
231136
231138
231152
231447
231602
231672
231982
232126
232172
232221
232405
232497
232526
232605
232663
232699
232951
232972
233041
233123
233303
233378
233477
233648
233655
233703
233716
233884
234066
234135
234212
234229
234585
234599
234623
234719
234932
235002
235006
235103
235138
235140
235187
235494
235638
235845
235973
236034
236114
236149
236234
236239
236248
236494
236592
236592
236853
236910
236972
237450
237666
237693
237910
238013
238076
238180
238305
238367
238392
238414
238442
238497
238524
238525
238540
238600
238604
238609
238647
238707
238873
238886
238899
239069
239148
239290
239308
239388
239562
239603
239604
239736
239813
239820
239873
240019
240052
240178
240216
240236
240363
240488
240541
240562
240573
240692
240748
240826
240912
241117
241344
241344
241415
241536
241565
241588
241624
241698
241860
242036
242283
242314
242432
242449
242482
242524
242560
242708
243080
243094
243137
243196
243293
243407
243454
243456
243554
243581
243790
243916
244000
244188
244213
244310
244345
244391
244546
244630
244732
244752
244878
244944
244960
245021
245030
245043
245155
245199
245336
245639
245650
245869
245915
245935
246073
246128
246259
246451
246587
246657
246761
246906
247053
247088
247169
247305
247312
247388
247427
247593
247700
248015
248022
248165
248215
248611
248638
249083
249215
249350
249372
249576
249603
249974
249991
250011
250017
250228
250442
250450
250592
250605
250630
250800
250837
250899
251199
251515
251562
251585
251624
251749
251788
251804
251810
251833
251875
251887
251996
252007
252017
252128
252157
252161
252240
252264
252332
252427
252584
252616
252651
252665
252833
253182
253245
253295
253459
253579
253666
253704
253748
253849
253870
253902
254177
254592
254604
254753
254974
255185
255192
255312
255586
255991
256034
256035
256110
256205
256229
256357
256474
256488
256638
256642
256647
256681
257049
257071
257159
257172
257286
257655
257691
257743
257955
258008
258042
258108
258198
258256
258268
258446
258536
258597
258724
258728
258750
258756
258768
258771
258862
259014
259067
259118
259143
259153
259309
259382
259446
259447
259464
259520
259561
259605
259617
259819
259938
259952
259975
260366
260411
260432
260447
260700
260775
260816
260927
261085
261141
261255
261289
261398
261538
261685
261728
261932
261977
262140
262286
262423
262429
262472
262489
262575
262662
262787
262804
262809
262902
263020
263045
263089
263262
263301
263382
263410
263450
263470
263529
263533
263817
263882
263932
264152
264215
264437
264446
264917
264969
265088
265089
265250
265302
265308
265349
265355
265407
265421
265456
265551
265732
265786
265814
265852
265971
266107
266138
266387
266474
266541
266715
266856
266944
266958
267046
267117
267210
267359
267365
267435
267463
267516
267654
267686
267922
268168
268226
268250
268346
268372
268476
268530
268547
268663
268910
268957
269081
269251
269526
269647
269720
269780
269801
269828
269830
269847
269848
269892
270112
270154
270171
270184
270287
270391
270535
270766
270821
270838
270860
270876
271045
271131
271272
271365
271443
271509
271534
271815
271923
271923
272236
272287
272344
272349
272508
272643
272690
272691
272817
272849
273101
273158
273161
273436
273577
273638
273794
273870
273912
273939
273987
274374
274559
274740
274828
274847
274928
275017
275054
275066
275304
275505
275699
275955
275964
276173
276194
276346
276410
276473
276574
276728
276813
276834
276925
276991
277491
277508
277543
277614
277652
277692
277773
277846
277856
278001
278021
278037
278090
278147
278179
278185
278214
278252
278297
278850
279055
279165
279182
279264
279354
279450
279527
279579
279588
279605
279654
279748
279856
280051
280315
280354
280467
280587
280797
280811
280833
280937
281351
281405
281526
281605
281647
281674
281693
281723
281900
282012
282124
282135
282199
282278
282395
282808
282978
283548
283548
283568
283730
283809
283895
283920
283977
284055
284107
284214
284286
284312
284413
284472
284479
284500
284644
284751
284791
284793
285095
285311
285444
285474
285549
285702
285709
286038
286380
286521
286540
286845
286874
286883
286890
286999
287160
287230
287280
287716
288137
288208
288240
288266
288296
288395
288424
288484
288516
288539
288629
288710
288803
288838
288967
288980
288998
289010
289184
289297
289343
289587
289646
289650
289916
289933
290068
290092
290267
290298
290331
290507
290796
290858
291052
291155
291256
291442
291620
291686
291709
291721
291744
291767
291797
291804
291947
291966
292000
292030
292051
292341
292403
292478
292664
292807
292827
292862
292934
292982
293080
293193
293427
293559
293574
293689
293758
293808
293914
294108
294131
294233
294388
294461
294495
294549
294608
294632
294720
294795
294803
294897
295159
295180
295191
295308
295370
295418
295446
295506
295669
295736
295916
296185
296250
296316
296399
296469
296622
296631
296730
296967
297007
297108
297134
297273
297401
297441
297479
297489
297585
297616
297739
297793
297821
298023
298240
298641
298695
298756
298757
298787
298838
299119
299557
299574
299695
299727
299755
299831
299850
299951
300101
300538
300562
300696
300958
300998
301092
301178
301230
301522
301616
301737
301943
302065
302123
302159
302224
302391
302421
302495
302815
302903
302939
302966
302985
303015
303140
303164
303210
303244
303317
303545
303596
303671
303862
303997
304083
304122
304274
304334
304597
304612
304627
304835
304956
305005
305053
305068
305274
305451
305528
305589
305679
305821
305881
305891
305900
306004
306089
306170
306174
306234
306338
306458
306884
306917
306945
306956
307042
307049
307087
307180
307258
307371
307456
307473
307835
307838
307851
307967
308075
308156
308157
308211
308312
308338
308368
308409
308438
308471
308513
308866
308875
308913
308960
308975
309068
309099
309244
309249
309269
309346
309354
309590
309665
309710
309808
309888
310005
310102
310216
310402
310406
310491
310499
310501
310551
310569
310654
310832
310887
310916
310991
311030
311051
311308
311311
311433
311567
311739
311830
311938
312066
312186
312228
312242
312306
312427
312561
312598
312978
313133
313155
313282
313441
313445
313491
313510
313522
313522
313525
313560
313618
313725
314811
314863
314942
315031
315046
315130
315133
315145
315217
315256
315313
315505
315611
315637
315707
315849
315882
315993
316221
316279
316314
316458
316463
316512
316513
316571
316682
316741
316778
316820
317051
317089
317420
317713
317849
317986
318102
318141
318233
318241
318372
318677
318728
318857
318877
318911
318968
318979
319004
319051
319154
319177
319242
319504
319583
319799
319830
319899
319970
320054
320226
320477
320516
320717
320768
320848
320902
320969
321084
321171
321185
321347
321427
321546
321603
321606
321661
321822
321854
322011
322046
322057
322076
322262
322274
322314
322358
322508
322516
322580
322594
322626
322815
322875
323165
323369
323375
323622
323651
323744
323849
323959
323985
324068
324071
324096
324171
324203
324653
324655
324822
324856
325112
325176
325334
325464
325525
325607
325665
325680
325906
325926
326051
326204
326262
326310
326333
326366
326414
326438
326602
326698
326723
326956
327021
327088
327174
327582
327591
327624
327713
327767
328131
328173
328374
328411
328489
328520
328588
328610
328761
328910
329031
329050
329097
329186
329305
329333
329517
329562
329568
329648
329700
329732
329915
329972
329977
330035
330382
330440
330631
330659
330774
330841
330844
330982
331009
331229
331229
331401
331591
331706
331759
331809
332026
332063
332131
332205
332276
332479
332505
332560
332641
332831
333127
333219
333263
333343
333366
333391
333566
333630
333766
333907
333936
333969
334011
334048
334109
334113
334186
334207
334250
334267
334398
334484
334516
334624
334725
334874
335039
335117
335127
335269
335401
335416
335441
335618
335670
335896
335910
335922
335966
336102
336141
336264
336312
336364
336387
336484
336510
336517
336526
336532
336729
336871
336988
337042
337124
337126
337163
337407
337429
337501
337542
337624
337939
338139
338180
338231
338275
338375
338382
338530
338612
338697
338969
338980
339141
339391
339440
339760
339874
339961
340050
340075
340217
340255
340260
340344
340482
340683
340917
341188
341202
341408
341671
341897
342158
342177
342310
342410
342542
342641
342747
342913
343209
343252
343295
343410
343443
343537
343568
343596
343712
343771
343887
344038
344262
344640
344666
344697
344802
345050
345105
345210
345263
345280
345484
345718
345756
345760
345930
345952
346292
346307
346369
346470
346505
346577
346822
346838
347091
347233
347237
347312
347433
347458
347472
347613
347622
347777
347841
348352
348373
348379
348515
348574
348750
348847
348991
348998
349035
349090
349149
349464
349502
349586
349612
349678
349869
350948
351160
351254
351416
351595
351804
351849
351951
351958
352194
352267
352272
352290
352292
352478
352645
352666
352707
352764
353008
353202
353226
353351
353479
353673
353782
354221
354283
354418
354478
354495
354660
354699
354979
355034
355181
355366
355380
355440
355508
355567
355777
355837
355859
355994
356476
356537
356550
356612
356629
357105
357190
357282
357427
357493
357516
357572
357612
357693
357742
358242
358407
358631
358646
358648
358828
358829
358881
358905
359005
359194
359311
359410
359656
359665
359696
359699
359883
359920
360141
360142
360181
360234
360303
360303
360334
360386
360533
360638
360656
360745
360748
360859
360881
360928
361176
361404
361428
361632
361748
361875
361884
361940
362000
362255
362257
362592
362592
362687
362836
362842
362946
363096
363233
363281
363478
363539
363574
363675
364170
364211
364230
364250
364266
364333
364364
364443
364491
364542
364607
364656
364724
364836
365053
365095
365140
365161
365462
365548
365673
365830
365862
365910
365929
366112
366212
366241
366292
366348
366480
366550
366929
366963
367029
367291
367380
367456
367669
367687
367757
367802
367901
367904
367905
367939
368421
368430
368737
368741
368752
368813
369204
369209
369249
369257
369263
369375
369456
369670
369675
369752
369803
369908
369946
369999
370091
370187
370475
370668
370779
370781
370804
371258
371321
371407
371412
371488
371533
371570
371701
371713
371756
371774
371796
371861
371877
372106
372337
372338
372582
372708
372747
372866
372941
372996
373054
373058
373089
373095
373126
373237
373246
373304
373325
373409
373414
373593
373626
373741
374001
374126
374145
374331
374341
374377
374420
374556
374757
374823
375303
375349
375381
375461
375519
375765
375913
376081
376104
376223
376288
376360
376366
376368
376714
376943
377062
377083
377112
377156
377160
377220
377342
377368
377381
377459
377475
377479
377555
377557
377757
377850
377877
377960
378061
378115
378129
378160
378475
378552
378608
378691
378855
378927
378934
378938
379022
379022
379118
379265
379340
379352
379442
379450
379823
380002
380019
380077
380144
380438
380472
380609
380700
380745
380814
380834
380875
380954
381063
381117
381131
381186
381358
381568
381643
381855
382009
382033
382108
382595
382636
382639
382680
382699
382907
382946
383022
383075
383150
383187
383257
383293
383477
383517
383538
383555
383556
383615
383807
383863
383992
384019
384208
384229
384244
384287
384427
384440
384542
384589
384592
384830
384838
384839
385147
385571
385690
385915
385956
386152
386179
386676
386717
386747
386767
386810
386819
387030
387199
387222
387272
387952
387975
388135
388359
388368
388377
388415
388638
389155
389539
389576
389587
389596
389671
389708
390007
390162
390185
390221
390240
390313
390405
390471
390936
390971
390990
391115
391315
391773
391928
391970
392109
392114
392142
392157
392252
392253
392408
392430
392465
392498
392515
392602
392614
392748
392985
393177
393258
393266
393293
393637
393947
394183
394288
394324
394460
394711
394872
395117
395166
395261
395319
395391
395509
395520
395538
395680
395686
395813
395867
395984
395995
396151
396162
396202
396253
396334
396384
396483
396646
396692
396789
396805
396888
396942
397192
397309
397336
397452
397853
397854
397858
397891
397906
397907
397980
397999
398006
398027
398110
398238
398249
398295
398336
398427
398589
398703
398740
398857
399067
399234
399403
399509
399608
399663
399771
399869
400058
400141
400471
400506
400562
401124
401199
401227
401286
401545
401564
401596
401809
401928
402072
402116
402211
402254
402320
402345
402365
402483
402554
402603
402664
402925
403169
403215
403216
403253
403272
403542
403646
403706
403736
403796
403816
403882
403892
403945
403971
403976
404149
404164
404278
404505
404603
404618
404704
404722
404742
404761
404898
404938
405032
405044
405220
405255
405343
405883
405989
406195
406237
406303
406419
406476
406574
406627
406659
406749
407023
407204
407224
407240
407355
407437
407509
407783
407836
408090
408264
408528
408532
408633
408701
408725
408980
409128
409260
409315
409339
409382
409441
409606
409959
410015
410035
410182
410235
410238
410691
410741
410747
410765
411273
411325
411607
411624
411810
411925
411931
411955
412040
412321
412355
412395
412401
412468
412491
412754
413146
413153
413239
413471
413615
413616
413727
413776
413778
413779
413800
413973
414117
414320
414352
414534
414543
414607
414643
414776
414780
414915
415069
415211
415244
415279
415317
415376
415565
415595
415599
415642
415856
416051
416147
416211
416278
416651
416740
416770
416904
416910
416928
416937
417133
417173
417379
417499
417565
417605
417786
417863
417950
417958
418175
418223
418248
418324
418364
418588
418700
418735
418751
418806
418816
418818
418887
419032
419035
419109
419218
419236
419606
419756
419814
420052
420088
420181
420184
420393
420541
420553
420573
420667
420884
420943
421017
421262
421585
421601
421776
421817
421820
421888
421902
421919
421984
422001
422144
422280
422372
422457
422458
422622
422764
422794
423148
423276
423400
423444
423551
423659
423683
423787
423867
423972
424178
424212
424223
424276
424402
424433
424513
424524
424666
424678
424747
424874
424889
425219
425364
425374
425501
425503
425672
425702
425737
425925
425927
426096
426252
426356
426557
426594
426627
426640
426672
426851
426883
426989
427018
427213
427577
427646
427688
427938
428029
428065
428088
428195
428215
428246
428330
428385
428456
428753
428757
428845
429004
429027
429079
429217
429458
429478
429726
429746
430062
430398
430644
430711
430930
430959
431092
431101
431130
431140
431488
431545
431575
431585
431844
431880
431889
432066
432214
432273
432364
432382
432393
432406
432411
432433
432505
432606
432632
432681
432920
432953
433021
433045
433230
433465
433627
433641
433690
433968
434015
434090
434138
434149
434206
434251
434337
434605
434632
434718
435026
435077
435081
435431
435439
435476
435489
435619
435650
435900
435929
436108
436178
436268
436274
436417
436510
436539
437017
437037
437201
437398
437422
437515
437517
437643
437710
437845
437864
438045
438255
438448
438503
438533
438761
438843
439129
439205
439399
439465
439490
439551
439680
439707
439713
439756
439842
439843
440164
440244
440303
440813
440829
440979
440985
441177
441214
441218
441268
441397
441626
441702
441703
441844
441899
441977
441995
442004
442025
442341
442448
442613
442719
442783
442819
442991
443078
443094
443141
443217
443368
443399
443668
443672
443738
443796
443919
444063
444111
444386
444496
444523
444609
444699
444823
444876
444929
444946
445028
445188
445296
445302
445521
445531
445686
445919
446018
446047
446093
446104
446182
446318
446793
446893
447017
447049
447126
447202
447369
447387
447599
447678
447801
448200
448287
448326
448393
448434
448665
448747
448977
449007
449110
449207
449243
449478
449545
449564
449846
449867
449931
449959
449983
449989
450019
450085
450088
450106
450249
450326
450359
450364
450553
450578
450580
450589
450599
450726
450849
450949
451047
451065
451087
451135
451227
451420
451467
451479
451519
451533
451621
451654
451791
451845
452018
452028
452030
452082
452137
452163
452304
452418
452424
452483
452617
452669
452719
453154
453191
453231
453534
453576
453733
454049
454137
454181
454250
454455
454503
454561
454671
454677
454679
454706
454868
455035
455202
455376
455402
455704
456094
456376
456444
456483
456484
456834
456929
456935
457000
457183
457287
457390
457936
458047
458061
458207
458528
458807
458903
459263
459294
459344
459390
459425
459479
459548
459746
459839
459959
460036
460055
460066
460146
460181
460365
460380
460385
460509
460793
460882
460919
461046
461192
461226
461283
461308
461345
461364
461400
461454
461457
461492
462207
462208
462216
462264
462268
462334
462499
462572
462606
462615
462626
462627
462641
462904
462978
463015
463360
463373
463383
463387
463802
464235
464264
464411
464634
464641
464738
464774
464811
464937
464998
465070
465131
465139
465162
465453
465531
465838
465945
466163
466298
466340
466395
466399
466508
466535
466687
466821
466864
467045
467109
467126
467179
467190
467440
467541
467596
467682
467957
467995
468117
468198
468201
468263
468272
468283
468302
468319
468517
468710
468749
468817
468898
468927
468980
469000
469170
469353
469446
469500
469663
469735
469752
469752
469836
469929
470001
470172
470187
470282
470300
470310
470316
470636
470644
470774
470795
470804
470810
470894
470977
471032
471045
471193
471275
471344
471446
471485
471566
471888
471908
471947
472007
472023
472116
472370
472407
472513
472595
472796
472988
472992
473306
473322
473430
473447
473624
473781
473992
474111
474157
474537
474588
474736
474882
474955
474999
475011
475055
475090
475248
475249
475565
475566
475697
475950
476324
476335
476335
476344
476445
476477
476542
476649
476737
476760
476955
477048
477127
477274
477381
477512
477677
477785
477845
477965
478136
478164
478258
478409
478611
478704
478734
478922
478929
478985
478985
479139
479215
479285
479357
479417
479483
479540
479873
480299
480455
480468
480656
480695
480728
480743
480927
481003
481171
481304
481305
481309
481404
481426
481519
481521
481799
482068
482076
482121
482404
482459
482553
482600
482638
482657
482722
482765
482782
483021
483034
483075
483106
483149
483155
483224
483334
483454
483518
483610
483743
483809
483916
484095
484120
484147
484162
484199
484267
484272
484321
484398
484515
484587
484616
484672
484765
484811
484828
484844
484959
485023
485120
485375
485514
485614
485656
485707
485815
485938
486115
486435
486465
486535
486545
486562
486650
486676
486872
486905
487148
487180
487300
487378
487389
487525
487908
487964
488133
488214
488222
488243
488665
488844
488904
488975
489033
489170
489187
489350
489649
489732
489897
489972
490021
490076
490299
490340
490470
490576
490726
490772
490886
490911
491021
491022
491036
491070
491087
491138
491293
491447
491471
491725
491879
491977
491985
492169
492342
492368
492419
492455
492486
492687
492910
493064
493093
493281
493406
493494
493628
493719
493805
493902
493987
494009
494061
494562
494595
494610
494628
494675
494759
494846
494863
495111
495164
495607
495678
495778
495855
496038
496183
496198
496297
496364
496873
496897
496933
497435
497461
497547
497621
497775
497790
497893
498018
498352
498369
498554
498665
498825
498877
498913
498965
498966
499292
499305
499325
499422
499579
499807
499822
500013
500114
500189
500326
500335
500644
500794
500926
500957
500961
501083
501174
501328
501765
501888
501984
502014
502086
502125
502208
502236
502280
502301
502466
502595
502626
502656
502763
502976
503044
503048
503178
503181
503233
503285
503591
503748
503930
503971
504258
504359
504509
504585
504633
504650
505037
505102
505107
505135
505177
505252
505397
505485
505505
505580
505891
505925
505938
506226
506259
506375
506411
506733
506880
507002
507114
507183
507424
507445
507531
507550
507563
507585
507621
507675
507687
507789
507856
508145
508289
508320
508353
508411
508509
508631
508905
509036
509275
509315
509337
509341
509415
509504
509609
509655
509689
509747
509827
509847
509999
510369
510376
510546
510560
510626
510732
510765
510817
510840
510855
510874
511066
511173
511185
511260
511301
511381
511426
511757
511782
512031
512233
512301
512354
512469
512485
512529
512529
512532
512586
512619
512766
513019
513074
513098
513112
513160
513173
513293
513391
513436
513446
513630
513713
513760
513996
514009
514073
514519
514648
514747
514898
514982
515010
515060
515215
515306
515366
515470
515470
515631
515632
515772
515907
515922
516012
516064
516241
516311
516453
516461
516755
516799
516958
517113
517317
517392
517575
517915
517976
517993
518006
518100
518128
518180
518261
518267
518428
518459
518563
518674
518698
518825
518890
518915
519049
519150
519154
519218
519564
519615
519713
519901
520116
520150
520388
520424
520461
520712
520774
520777
520988
521127
521166
521227
521440
521609
521631
521763
522371
522402
522664
522705
522956
522986
523051
523207
523321
523496
523608
523687
523791
523804
524032
524072
524217
524723
524795
524863
524918
525020
525060
525105
525115
525271
525502
525536
525567
525591
525609
525757
526072
526342
526363
526391
526482
526538
526656
526730
526830
526961
527021
527077
527133
527205
527484
527517
527611
527625
527635
527708
527716
527734
527814
527914
527999
528103
528224
528288
528289
528402
528678
528731
528779
529032
529113
529209
529355
529737
529790
529860
529873
529877
529954
530186
530236
530354
530408
530450
530473
530477
530489
530684
530924
531060
531179
531212
531399
531439
531694
531899
531922
531927
531947
532315
532507
532524
532844
532975
533037
533096
533176
533268
533285
533728
533755
533807
533830
533835
534015
534264
534276
534353
534393
534557
534751
534794
534952
535323
535591
535700
535745
535999
536006
536124
536221
536295
536401
536474
536499
536685
536708
537016
537068
537471
537561
537676
537693
537778
537785
537806
537864
538416
538426
538518
538611
538638
538757
538766
538970
539046
539063
539144
539168
539230
539260
539340
539347
539466
539756
539771
539777
539830
539977
540046
540074
540089
540359
540367
540389
540450
540664
540678
540683
540837
540885
540944
541018
541050
541297
541334
541555
541622
541740
541761
541954
542103
542433
542743
542883
542958
542976
543181
543230
543257
543278
543529
543766
543836
543921
543945
543989
544047
544061
544100
544115
544300
544346
544477
544561
544633
544738
545072
545259
545430
545455
545470
545563
545667
545670
545972
545997
546092
546158
546217
546226
546377
546484
546505
546549
546592
546607
546665
546858
546896
546911
546918
546962
547036
547186
547281
547293
547561
547575
547626
547830
547861
547938
548227
548362
548427
548462
548590
548770
548791
548810
548855
549055
549058
549220
549374
549436
549465
549475
549545
549562
549639
549693
549711
549772
549898
549932
550333
550421
550426
550450
550522
550598
550652
550696
550792
550844
550883
551048
551304
551360
551361
551451
551508
551769
551795
551883
552093
552168
552202
552293
552321
552398
552502
552540
552566
552851
553083
553274
553286
553436
553442
553447
553501
553642
553670
553679
553737
553794
554029
554212
554630
554660
554671
554775
554783
554939
554950
555039
555114
555379
555389
555437
555438
555548
555564
555572
555731
555823
555880
555937
555957
556036
556179
556204
556328
556442
556480
556512
556602
556645
556734
556748
556947
557016
557277
557435
557576
557581
557621
557684
557692
557771
557970
558274
558275
558537
558552
558676
558886
558980
559114
559257
559352
559381
559423
559587
559606
559611
559612
559791
560086
560193
560352
560359
560519
560736
560904
560994
561014
561211
561259
561270
561509
561606
561666
561679
561951
562129
562218
562274
562314
562333
562418
562491
562631
562656
562740
562858
562868
562941
562972
563043
563106
563115
563327
563329
563396
563402
563412
563501
563656
563702
563817
563958
564160
564389
564497
564513
564598
564663
564726
564830
565057
565270
565348
565348
565449
565503
565522
565791
565813
565837
565987
566061
566148
566358
566408
566476
566516
566568
566675
566787
566848
567056
567067
567216
567493
567541
567545
567647
567668
567689
567707
567772
567885
567960
567977
568114
568179
568202
568301
568361
568536
568600
568837
568891
569237
569382
569438
569442
569528
569538
569569
569685
569706
569786
569828
569866
569876
569994
570012
570081
570091
570221
570305
571235
571243
571251
571353
571380
571444
571481
571493
571515
571555
571758
571818
571904
571941
572045
572159
572205
572334
572445
573043
573073
573189
573441
573470
573637
573739
573757
573766
574019
574109
574131
574402
574407
574538
574737
574981
575274
575322
575366
575398
575415
575427
575439
575620
575670
575739
575839
576007
576031
576134
576399
576446
576454
576481
576621
576626
576651
576768
576775
577068
577218
577277
577407
577428
577592
577739
577793
577885
577893
577980
578102
578158
578213
578236
578284
578506
578509
578622
578760
578767
578938
578987
579034
579064
579191
579338
579360
579521
579592
579662
579760
579940
580011
580016
580157
580295
580352
580817
580909
581134
581257
581270
581424
581564
581733
581829
581847
581888
581973
582213
582322
582402
582443
582473
582473
582555
582824
582848
582866
583004
583035
583041
583135
583221
583275
583381
583515
583560
583586
583748
583797
583822
584098
584215
584361
584395
584437
584517
584590
584835
584968
585039
585133
585186
585447
585537
585553
585629
585669
585787
585814
585961
585983
586133
586179
586221
586388
586485
586924
587061
587126
587258
587394
587463
587624
587639
587683
587984
587985
588055
588055
588377
588483
588508
588528
588599
588864
588955
589016
589041
589230
589244
589323
589332
589608
589637
589640
589799
589855
589983
590055
590066
590083
590086
590202
590277
590388
590407
590447
590479
590718
590793
590892
590996
591064
591217
591235
591240
591272
591296
591330
591344
591359
591434
591466
591471
591511
591609
591764
591822
591916
591962
591973
592092
592148
592347
592506
592712
592719
592721
592778
592788
592871
593197
593328
593331
593444
593651
593661
593900
593904
594065
594275
594468
594533
594570
594591
594596
594615
594668
594786
594812
594900
595015
595020
595098
595207
595247
595472
595538
595607
595956
595976
596140
596357
596364
596394
596504
596591
596624
596649
596653
596687
596720
596978
597177
597247
597326
597363
597377
597381
597382
597467
597624
597687
597776
597864
598020
598040
598125
598189
598214
598348
598385
598511
598537
598749
598829
599031
599069
599212
599528
599558
599663
599683
599713
600152
600219
600302
600375
600382
600389
600580
600602
600607
600649
600889
601213
601233
601246
601550
601722
601928
602044
602154
602414
602431
602459
602518
602520
602614
602635
602795
603180
603261
603340
603416
603443
603444
603493
603513
603691
604092
604137
604157
604164
604353
604418
604493
604554
604579
604765
604788
604821
604910
605164
605328
605342
605661
605692
605783
605977
606376
606389
606430
606563
606751
607018
607024
607024
607046
607343
607409
608039
608052
608353
608542
608583
608699
608762
608874
608876
608922
609247
609362
609435
609436
609589
609630
609755
610054
610154
610165
610322
610327
610362
610385
610457
610460
610473
610838
611265
611367
611466
611526
611794
611954
611957
611994
612162
612181
612193
612194
612226
612275
612347
612460
612665
612787
612852
613018
613305
613560
613582
613661
613907
613927
614053
614081
614088
614146
614303
614528
614701
614760
614867
614888
615135
615158
615165
615279
615349
615369
615407
615416
615444
615492
615524
615622
615664
615906
615994
616017
616017
616152
616239
616343
616415
616528
616754
616939
617324
617392
617556
617590
617641
617694
617751
617900
617986
618064
618099
618119
618180
618213
618278
618308
618320
618351
618465
618614
618836
618890
619157
619344
619416
619521
619538
619540
619678
619801
619882
619945
619961
620025
620029
620264
620647
620687
620702
620738
620803
620950
620991
621057
621233
621389
621585
621800
621858
621864
621924
622068
622160
622196
622229
622295
622326
622373
622416
622637
622665
622718
622878
623040
623058
623088
623180
623239
623247
623437
623455
623637
623687
623851
623939
624041
624127
624161
624302
624302
624346
624480
624637
625001
625187
625459
625599
625783
625895
626194
626195
626217
626268
626511
626931
626990
626999
627054
627063
627193
627272
627511
627555
627674
627694
627775
627815
628076
628139
628244
628273
628350
628493
628658
628721
628769
628803
629293
629340
629484
629531
629547
629548
629700
629707
629873
630039
630256
630329
630399
630501
630508
630559
630652
630818
630914
631189
631306
631541
631560
631582
631647
631723
631730
631764
631817
631822
631872
632097
632188
632189
632509
632521
632590
632624
632756
632991
632993
633164
633250
633348
633402
633662
633796
633891
633988
634113
634470
634479
634578
634669
634673
634714
634738
635063
635067
635206
635371
635415
635459
635650
635759
635785
635866
635964
636105
636166
636220
636290
636319
636327
636430
636476
636562
636921
637009
637010
637113
637177
637212
637451
637474
637650
637706
638048
638219
638234
638396
638455
638471
638550
638575
638663
639056
639069
639091
639240
639309
639439
639545
639547
639663
639776
639823
639938
639978
640017
640167
640250
640354
640407
640589
640621
640628
640641
640650
640700
640731
640874
640899
640911
640942
640994
640998
641158
641168
641360
641373
641530
641545
641635
641731
641821
641972
642023
642104
642240
642501
642544
642932
642992
643031
643079
643089
643099
643269
643330
643478
643590
643648
643696
643733
643894
643950
643993
644282
644303
644551
644668
644950
645008
645314
645386
645542
645584
645677
645688
645904
646039
646047
646122
646321
647219
647282
647353
647436
647525
647556
647558
647726
647731
647771
647799
647803
647859
647969
647980
648080
648131
648137
648153
648229
648312
648392
648695
648719
648796
648833
648895
648908
648925
648955
648981
649074
649078
649111
649124
649148
649193
649489
649493
649494
649638
649856
649872
649910
649964
650146
650372
650407
650457
650468
650517
650536
650677
650689
650931
650983
650995
651035
651374
651412
651492
651826
651847
651855
651877
651953
652075
652251
652265
652354
652375
652558
652632
652642
652737
652827
652846
653227
653417
653492
653698
653766
653958
654126
654172
654264
654450
654461
654473
654679
654846
654891
655123
655147
655232
655235
655248
655324
655325
655439
655645
655723
655895
655955
655974
656543
656611
656611
656652
656686
656883
656889
656897
657076
657086
657237
657298
657577
657693
657850
657964
658087
658200
658275
658370
658443
658492
658562
658658
658776
658802
658848
658854
658934
658945
658984
659002
659030
659235
659325
659327
659422
659428
659431
659470
659537
659620
659663
659682
659840
659868
659945
659966
660038
660088
660134
660395
660397
660493
660645
660836
660853
660926
660936
661016
661039
661092
661098
661142
661232
661333
661424
661450
661592
661897
661914
661935
661935
661943
662010
662093
662302
662304
662311
662645
662742
662780
662940
662998
663297
663612
663636
663642
663805
663818
663977
663980
664023
664101
664104
664184
664218
664422
664547
664601
664609
664656
664677
664751
664878
664905
665034
665050
665102
665194
665272
665544
665547
665598
665641
665643
665651
665658
665851
665913
665955
666065
666166
666204
666392
666401
666447
666483
666514
666597
666613
666880
667056
667120
667157
667465
667470
667546
667629
667820
667872
667947
668060
668069
668109
668231
668344
668391
668648
668706
668747
668802
669109
669143
669294
669311
669364
669496
669516
669525
669655
669670
669887
670001
670116
670148
670161
670164
670211
670240
670327
670346
670531
670668
670672
670692
670851
670869
670892
670909
670924
670942
671081
671127
671574
671657
671739
671816
671861
671972
672098
672309
672438
672450
672529
672570
672822
672924
672948
672974
673258
673286
673294
673321
673465
673670
673736
673747
673769
673784
673875
673967
673976
674356
674384
674402
674428
674526
674917
674926
675057
675084
675099
675237
675343
675355
675447
675749
675815
675855
675908
675909
675910
676261
676562
676641
677124
677133
677180
677285
677459
677478
677549
677562
677579
677744
677963
678049
678081
678100
678304
678430
678737
678789
678823
679021
679158
679272
679300
679337
679524
679528
679595
679615
679619
679708
679903
679905
679906
679928
680099
680121
680139
680191
680294
680311
680325
680366
680474
680651
680652
680766
680808
680816
680900
680953
681039
681103
681536
681703
681735
681768
681865
681943
681964
682015
682165
682198
682224
682571
682662
682719
682865
682873
683034
683121
683383
683497
683521
683605
683776
683783
683860
683886
683926
684027
684051
684082
684098
684271
684292
684302
684421
684432
684522
684565
684689
684736
684753
684810
684894
684931
684994
685022
685056
685143
685149
685318
685428
685727
685748
685786
685850
685878
685929
686063
686171
686211
686287
686367
686626
686639
686723
686761
686764
686858
687462
687578
687739
687868
688125
688249
688256
688431
688550
688553
688676
688729
688804
688883
688983
689005
689062
689069
689082
689118
689292
689380
689407
689615
689741
689791
689836
689865
689965
690226
690289
690304
690696
691226
691262
691348
691410
691414
691435
691556
691594
691705
691712
691799
692022
692087
692098
692112
692214
692690
692743
692793
692867
693001
693024
693303
693452
693503
693557
693592
693611
693618
693782
693967
694243
694494
694918
695005
695363
695469
695475
695843
695854
696139
696256
696258
696492
696579
696790
697045
697244
697359
697383
697400
697426
697490
697533
697542
698283
698357
698498
698615
698890
698901
699172
699276
699330
699388
699438
699466
699749
699893
699902
699919
700292
700415
700416
700484
700515
700583
700605
700877
700877
700896
701022
701118
701275
701353
701377
701407
701434
701461
701493
701579
701591
701646
701760
701947
702098
702115
702207
702308
702334
702466
702480
702521
702557
702783
702793
702934
703053
703146
703189
703289
703430
703434
703458
703494
703641
703688
703771
703771
703881
703897
703909
704199
704234
704379
704447
704500
704646
704710
704834
705024
705119
705274
705394
705394
705463
705574
705733
705782
705812
705917
706113
706167
706239
706324
706525
706545
706656
706664
706893
706959
706967
706972
707012
707029
707489
707530
707567
707587
707720
707838
707879
708124
708175
708230
708256
708276
708276
708713
708738
708755
708811
708967
709392
709398
709469
709607
709811
709920
710032
710045
710054
710097
710140
710141
710161
710196
710210
710363
710382
710458
710476
710568
710605
711098
711135
711212
711266
711395
711452
711651
711684
711759
711989
712041
712119
712150
712219
712424
712464
712617
712646
712652
712851
712875
712892
713057
713113
713121
713260
713468
713539
713545
713699
713736
713763
713892
713973
714031
714068
714321
714358
714420
714446
714460
714516
714721
714736
714752
714754
714853
715079
715430
715675
715742
715921
715971
716171
716224
716260
716444
716722
716788
716822
716913
716913
716954
717174
717395
717586
717602
717627
717694
717726
717854
717879
717914
718315
718441
718552
718789
719076
719228
719247
719413
719562
719795
719813
719839
719876
720320
720567
720634
720991
721082
721157
721211
721288
721611
721666
721810
721905
721914
721982
722322
722534
722628
722783
722854
722882
723026
723081
723116
723256
723373
723666
723825
724073
724104
724264
724266
724304
724327
724441
724778
725089
725160
725249
725310
725364
725378
725426
725470
725474
725507
725668
726139
726184
726570
726682
726683
726757
726841
726939
727147
727545
727571
727742
727814
727970
727981
728134
728134
728229
728256
728344
728364
728389
728390
728527
728536
728678
728711
728730
728771
728798
728996
729130
729144
729170
729184
729230
729252
729335
729381
729392
729506
729637
729682
729750
729837
729963
730030
730433
730458
730695
730800
730944
730949
730998
731000
731067
731263
731311
731555
731614
731641
731671
731746
732000
732042
732131
732162
732300
732496
732537
732617
732933
733040
733046
733046
733135
733254
733281
733292
733310
733408
733477
733669
733770
733795
733864
733870
733923
733981
734008
734129
734503
734523
734563
734709
734900
734996
735096
735125
735240
735392
735450
735914
736106
736113
736117
736160
736364
736448
736604
736611
736743
736810
737097
737126
737195
737222
737356
737806
737877
737902
737972
738102
738208
738341
738390
738452
738578
738834
738840
739297
739440
739543
739598
739639
740136
740194
740237
740257
740418
740524
740546
740675
740718
740782
740866
740870
740927
741042
741127
741402
741459
741533
741580
741582
741788
741814
741888
741935
742210
742242
742327
742592
742630
742739
742758
742892
742950
743029
743081
743120
743259
743280
743581
743597
743763
743827
743913
743981
744223
744267
744505
744526
744527
744536
744588
744646
744919
744932
744957
744999
745008
745123
745405
745505
745599
745802
745878
745947
745976
745983
745984
746095
746214
746315
746517
746728
746892
746995
747000
747076
747245
747361
747374
747553
747566
747628
747641
747953
748047
748108
748161
748314
748406
748484
748765
748827
748889
748918
748962
749069
749402
749478
749495
749529
749668
749719
749762
749949
749971
750028
750219
750363
750399
750499
750513
750635
750691
750906
750907
751305
751580
751639
751751
751790
751804
751852
751972
752190
752224
752382
752437
752522
752525
752667
753084
753169
753291
753394
753440
753785
753830
753892
753955
753996
754157
754175
754221
754228
754478
754573
754628
754646
754920
755007
755024
755084
755281
755481
755789
755884
755960
756403
756440
756563
756597
756699
756923
756981
757102
757171
757422
757546
757570
757722
757724
758093
758095
758151
758224
758245
758348
758487
758513
758513
758534
758544
758746
758857
758977
759093
759110
759265
759309
759502
759541
759742
759882
760125
760259
760260
760648
760725
760745
760780
760782
760838
760850
760858
761109
761112
761208
761320
761321
761419
761771
761803
761968
762063
762223
762342
762433
762453
762511
762568
762704
762745
763108
763119
763196
763204
763219
763228
763530
763658
763684
763728
763778
763988
764037
764070
764095
764171
764184
764472
764543
764706
764921
764948
765014
765328
765429
765501
765696
765750
765764
765864
765888
766091
766461
766462
766489
766491
766553
766628
766690
766956
767024
767087
767104
767167
767204
767296
767297
767303
767372
767578
767646
767655
767694
767793
768206
768330
768402
768420
768420
768781
768986
769369
769373
769388
769403
769688
769723
769819
769920
770017
770126
770201
770216
770236
770352
770396
770404
770582
770621
770652
770664
770676
770723
770946
770951
771001
771119
771152
771184
771243
771297
771401
771482
771609
771678
771743
771956
772389
772414
772441
772457
772493
772605
772633
772652
772724
772888
772952
772986
773040
773205
773279
773463
773502
773852
773878
773915
774048
774115
774185
774335
774415
774695
774818
774848
775062
775086
775225
775243
775302
775385
775458
775459
775460
775510
775884
775946
775999
776071
776091
776137
776161
776188
776347
776405
776437
776477
776724
776784
776807
776811
776899
777259
777317
777321
777332
777352
777403
777571
778036
778159
778300
778394
778453
778478
778509
778559
778603
778667
778716
778754
778817
778963
778963
778987
779027
779089
779100
779154
779221
779416
779486
779502
779640
779660
779788
779855
779875
780182
780415
780560
781005
781162
781213
781350
781361
781395
781444
781468
781626
781778
781888
781960
782023
782179
782486
782668
782757
782927
782962
782973
783140
783213
783608
783610
783734
783844
783935
783989
784172
784497
784529
784646
784650
784732
784773
784862
785034
785040
785087
785193
785356
785382
785556
785711
785752
785932
786151
786377
786397
786598
786779
786823
786937
786958
787291
787354
787381
787392
787456
787488
787588
787622
787764
787855
787957
787969
787982
788008
788095
788158
788159
788217
788475
788575
788666
788943
789222
789240
789353
789499
789534
789535
789570
789576
789733
790156
790184
790346
790722
790770
790831
790864
790970
791132
791154
791384
791396
791511
791542
791718
791766
791859
791867
791915
791960
791961
792073
792251
792264
792326
792416
792455
792530
792539
792633
792658
792661
792716
792907
792952
793011
793189
793228
793734
793761
793782
793845
793890
793943
794019
794041
794137
794218
794275
794377
794387
794432
794608
794742
794833
794875
794929
794936
795110
795205
795268
795335
795376
795401
795405
795451
795453
795580
795848
795976
795992
796107
796238
796434
796535
796549
796656
796799
796799
797227
797246
797393
797585
797654
797732
797819
797931
797966
797979
798014
798302
798418
798510
798520
798571
798943
799007
799178
799203
799287
799405
799860
799879
800145
800323
800384
800499
800592
800694
800843
801558
801589
801645
801725
801895
801962
802175
802214
802223
802260
802563
802673
802855
802893
802902
802946
802997
803024
803138
803142
803203
803219
803295
803325
803341
803448
803593
803668
803777
803995
804013
804160
804250
804394
804984
805086
805164
805194
805423
805464
805510
805512
805669
805694
805701
805766
805810
805833
805846
805881
805960
805979
806048
806058
806123
806268
806296
806347
806379
806422
806667
806698
806711
806713
806861
806895
808002
808018
808176
808264
808301
808448
808450
808628
808678
808711
808754
808781
808785
809105
809369
809524
809663
809732
809905
810413
810421
810457
810568
810644
810646
810690
810737
810808
810901
810931
810935
810962
811013
811303
811594
811641
811773
811794
811959
812018
812077
812138
812278
812303
812445
812555
812623
812656
812734
812764
812793
812813
813154
813360
813370
813543
813559
813723
813726
813880
813920
814015
814168
814196
814304
814333
814398
814412
814641
814667
814934
814989
815106
815123
815198
815275
815336
815405
815567
815569
815574
815670
815717
815799
815826
815831
815882
815906
815926
816339
816488
816507
816507
816519
816670
816842
816852
817050
817104
817258
817296
817331
817424
817803
817839
817980
818053
818126
818152
818154
818364
818366
818483
818504
818573
818698
818727
818791
818902
818938
818962
819013
819062
819196
819235
819290
819362
819532
819882
820024
820049
820064
820076
820264
820276
820365
820383
820438
820440
820800
820815
820817
820891
820954
821056
821070
821226
821237
821346
821418
821520
821590
821618
821643
821978
821994
822053
822098
822181
822189
822348
822640
822672
822950
823037
823243
823417
823528
823568
823591
823684
823846
823851
823942
824072
824122
824266
824310
824321
824434
824504
824519
824544
824718
824979
825198
825294
825354
825377
825427
825447
825509
825540
825559
825625
825655
825671
825966
825968
826010
826076
826153
826226
826270
826334
826486
826679
826689
826788
826847
826853
826971
827174
827208
827285
827355
827369
827578
827600
827615
827631
827639
827706
827735
827786
827858
828108
828241
828657
828689
828861
828898
829065
829085
829316
829436
829505
829557
829671
829742
829793
830004
830036
830042
830378
830383
830385
830628
830783
830875
831403
831589
831630
831730
832002
832007
832058
832073
832218
832388
832399
832447
832506
832741
832752
833029
833049
833056
833374
833508
833571
833609
834115
834133
834227
834235
834682
834795
834820
835274
835322
835350
835357
835519
835553
835611
835661
835915
836188
836237
836285
836353
836462
836501
836540
836619
836734
836951
837328
837550
837606
837634
837780
837813
838050
838070
838072
838116
838434
838477
838485
838506
838518
838548
838598
838839
838869
838872
838984
839036
839126
839126
839351
839452
839469
839615
839792
839839
839956
839995
840036
840038
840060
840105
840135
840412
840434
840575
840618
840813
840992
841345
841473
841486
841528
841779
841817
841893
842004
842212
842245
842273
842459
842521
842586
842900
843290
843328
843419
843448
843539
843540
844042
844048
844185
844369
844433
844640
844656
844683
844784
845312
845438
845491
845596
845600
845814
845932
846173
846816
847015
847018
847141
847223
847277
847329
847420
847653
847745
847754
847955
847972
848155
848241
848594
848809
848872
848987
849045
849530
849696
849712
849720
849842
849973
850037
850171
850197
850360
850433
850531
850632
850886
851033
851038
851116
851162
851177
851445
851709
851814
851829
852302
852371
852610
852834
853320
853329
853442
853573
853625
853759
853857
853890
854226
854326
854343
854383
854604
854765
854929
854971
854997
855097
855111
855192
855294
855359
855576
855774
855814
855918
855944
855978
856242
856483
856557
856577
856617
856676
856740
856746
856749
856755
856821
856921
856952
856984
856997
857006
857096
857146
857188
857235
857430
857573
857581
857720
857742
857791
857797
857819
857879
858030
858123
858212
858381
858497
858536
858544
858556
858603
858611
858614
858708
858798
858847
858951
859114
859214
859278
859396
859593
859599
859661
859667
860026
860040
860149
860255
860417
860497
860520
860524
860549
861379
861547
861692
861956
862307
862369
862477
862630
862667
862686
862718
862783
862792
862831
863088
863205
863240
863289
863364
863606
863710
863716
863782
863795
863800
863836
863854
863889
863952
863957
864033
864046
864093
864160
864199
864231
864242
864256
864288
864362
864447
864631
864636
864690
864692
864760
864836
864938
864943
865112
865248
865253
865343
865545
865562
865665
865682
865730
865759
865806
865903
865997
866018
866150
866218
866275
866393
866449
866492
866534
866983
866997
867141
867217
867255
867258
867377
867396
867428
867499
867548
867598
867625
867729
867751
867795
867957
867967
867978
868193
868248
868345
868366
868483
868634
868824
868913
868940
869019
869020
869108
869112
869199
869212
869252
869306
869604
869610
869697
869823
869924
870018
870363
870923
870998
871031
871220
871234
871308
871404
871895
871932
872282
872321
872478
872513
872560
872610
872644
872663
872673
872676
872680
872768
873211
873353
873494
873526
873639
873666
873768
873811
873858
873918
874327
874332
874429
874697
874900
874989
875049
875140
875284
875390
875620
876244
876455
876484
876598
876632
876646
876692
876706
876817
877238
877584
877642
877697
878114
878200
878442
878444
878473
878502
878598
878634
878642
878650
878677
878826
878876
879260
879326
879360
879561
879640
879759
879863
879947
880016
880222
880274
880298
880389
880409
880526
881222
881248
881457
881580
881637
881791
881866
881983
881985
882014
882091
882212
882525
882811
882989
883062
883119
883123
883316
883389
883414
883615
883706
883766
883931
884061
884267
884363
884441
884760
884810
884911
885201
885274
885379
885386
885425
885432
885485
885537
885578
885602
885611
885685
885698
885726
885789
886035
886339
886463
886554
886775
886842
886852
886879
887033
887054
887517
887521
887682
887742
887927
888108
888153
888210
888325
888329
888419
888460
888522
888582
888583
888701
888704
888713
888735
888740
888758
888836
889033
889040
889058
889162
889252
889266
889351
889480
889834
890145
890146
890223
890275
890277
890441
890547
890781
890868
891011
891057
891107
891158
891283
891419
891560
891562
891930
892004
892031
892073
892217
892229
892261
892285
892313
892500
892503
892514
892614
892648
892687
892782
892814
893242
893266
893358
893481
893516
893554
894113
894271
894377
894614
894630
894655
894715
894802
894823
894867
895300
895356
895393
895521
895578
895596
895623
895719
895799
895860
895937
896093
896108
896310
896319
896409
896806
896845
897116
897237
897460
897483
897551
897563
897984
898265
898277
898377
898426
898502
898552
898553
898637
898689
898967
899018
899198
899520
899721
899758
899763
899845
900004
900088
900239
900424
900514
900766
900820
900855
901129
901493
901890
902023
902161
902316
902321
902443
902571
902750
902844
902897
902980
903063
903115
903129
903244
903276
903309
903347
903622
903630
903636
903639
903912
904004
904040
904139
904149
904293
904368
904489
904529
904578
904589
904940
905085
905145
905152
905263
905322
905504
905740
905815
905862
905873
905964
906019
906251
906550
906776
906834
907031
907147
907412
907455
907528
907552
907628
907791
907814
907906
907928
907968
907990
908145
908250
908346
908500
908634
908666
908670
908740
908743
908750
908841
908943
909031
909130
909271
909322
909345
909471
909558
909647
909764
909790
909824
909916
909968
910060
910086
910177
910299
910455
910677
910739
910806
910825
910944
910969
910993
911160
911318
911418
911447
911511
911579
911690
911738
911822
911850
912044
912134
912306
912371
912466
912548
912665
912750
912794
913020
913076
913133
913288
913415
913504
913695
913810
913964
914040
914105
914169
914288
914389
914399
914435
914832
915079
915108
915255
915431
915585
915746
915757
915760
915767
915808
916086
916098
916111
916111
916246
916328
916584
916791
916821
916923
916946
916949
917107
917260
917372
917456
917608
917632
917654
917698
917700
917766
917858
917968
917991
918377
918581
918583
918777
918850
919092
919224
919575
919599
919651
919900
919994
920091
920096
920177
920262
920457
920588
920752
920755
920836
920855
920926
921085
921148
921178
921244
921285
921447
921610
921620
921808
921980
922096
922199
922618
922633
922759
922880
922890
922917
922960
923000
923071
923271
923415
923730
923795
923822
923863
923907
923974
924110
924580
924669
924678
924681
924685
924956
924961
925034
925468
925557
925600
925672
925752
925756
925901
925955
926563
926740
926743
926782
926889
926898
927050
927227
927297
927324
927609
927702
927715
927718
927747
928016
928161
928165
928472
928781
928910
928938
929062
929127
929267
929314
929390
929462
929693
929822
930097
930133
930140
930369
930510
930570
930850
931123
931219
931226
931399
931414
931491
931575
931640
931658
931672
931681
931763
931917
931933
931998
932020
932058
932158
932310
932333
932349
932368
932562
932672
932804
932804
933325
933336
933375
933423
933466
933584
933716
933726
933768
933874
934529
934537
934630
934734
934872
934897
935021
935025
935068
935083
935086
935367
935445
935519
935559
935578
935724
935733
935785
935885
935957
935960
936048
936118
936214
936220
936289
936447
936480
936486
936593
936653
936670
936715
936728
936757
936764
936800
936961
937015
937097
937127
937172
937245
937382
937492
937504
937771
937940
938213
938469
938622
938656
938817
938823
938829
938864
938896
939036
939253
939257
939262
939363
939450
939542
939582
939732
939765
939898
939905
939946
940107
940190
940456
940475
940689
940704
940835
940940
940985
941035
941219
941225
941319
941373
941650
941783
941979
941991
942013
942117
942139
942240
942244
942319
942466
942716
942784
943016
943126
943167
943218
943300
943471
943524
943872
943897
943926
944082
944208
944363
944407
944423
944533
944539
944595
944729
944765
944847
944940
945105
945208
945236
945305
945450
945499
945728
945767
946222
946362
946387
946473
946568
946580
946634
946701
946722
946744
946809
946905
947184
947260
947462
947568
947597
947740
947837
948110
948199
948382
948516
948559
948824
948935
948949
949036
949065
949362
949392
949454
950082
950249
950579
950608
950626
950717
950949
950951
951017
951089
951483
951557
951664
952208
952214
952399
952467
952472
952532
952601
952679
952748
952798
952898
953014
953066
953219
953273
953279
953366
953385
953564
953620
953737
954147
954189
954194
954210
954367
954399
954451
954579
954924
954946
955001
955070
955228
955345
955720
955846
955992
956029
956042
956102
956132
956236
956253
956418
956429
956613
956719
956828
956864
956942
957049
957062
957067
957137
957274
957361
957366
957415
957469
957649
957665
957678
957699
957773
957823
957877
957922
957928
958026
958244
958323
958382
958385
958466
958510
958602
958776
958879
959002
959118
959171
959328
959329
959408
959473
959891
960029
960110
960199
960211
960276
960371
960778
960794
961079
961102
961162
961217
961292
961317
961562
961615
961873
961919
962175
962180
962516
962573
962634
962695
962721
962740
962766
962787
962807
962853
963011
963234
963379
963965
964021
964065
964143
964308
964439
964467
964491
964547
964548
964583
965026
965046
965164
965198
965221
965291
965317
965334
965354
965378
965387
965418
965621
965703
965903
965937
965941
966062
966238
966396
966421
966449
966564
966564
966704
966961
967259
967403
967523
967588
967720
967807
967968
968122
968354
968425
968445
968459
968828
968852
969029
969040
969043
969128
969276
969294
969426
969436
969457
969501
969588
969614
969890
969913
969936
969943
970004
970373
970728
970755
970785
970818
971239
971339
971466
971483
971529
971566
971604
971750
971844
971929
971988
972042
972221
972269
972301
972438
972447
972552
972636
972796
973016
973047
973243
973264
973390
973464
973468
973534
973553
973609
973888
974032
974435
974486
974517
974660
974694
974802
974909
974941
975005
975022
975173
975267
975311
975359
975443
975505
975537
975550
975618
975669
975993
976024
976145
976157
976364
976384
976470
976747
976767
976837
976850
976914
976915
977101
977102
977151
977267
977333
977336
977434
977633
977705
977719
977817
977965
978024
978067
978097
978234
978302
978570
978700
978781
978889
978900
979000
979247
979323
979449
979583
979742
979955
980042
980044
980085
980134
980245
980261
980328
980364
980463
980465
980642
980714
980824
980837
980846
980941
981093
981115
981189
981211
981376
981379
981448
981902
981913
981961
982033
982279
982330
982407
982491
982723
982927
982954
983120
983130
983272
983398
983533
983583
983592
983628
983705
983720
983750
983758
983788
983811
984021
984318
984329
984409
984470
984664
984678
984757
984839
984947
985017
985154
985480
985615
985724
985915
985930
985949
986054
986130
986169
986203
986241
986310
987081
987264
987288
987335
987339
987466
987515
987702
987853
988254
988358
988633
988805
988896
988989
989330
989376
989450
989760
989761
989916
989947
989981
990094
990303
990398
990417
990512
990926
991255
991305
991375
991497
991547
991586
991590
991669
991763
991988
992038
992144
992284
992298
992375
992568
992636
992670
992701
992735
992754
992788
993013
993025
993109
993305
993364
993367
993406
993413
993518
993701
993760
993785
994100
994135
994195
994246
994265
994481
994531
994666
994745
994914
994963
995217
995354
995432
995499
995524
995532
995534
995790
995956
995957
996004
996438
996498
996644
996893
996904
996936
997104
997133
997195
997267
997271
997361
997402
997499
997510
997566
997843
997883
997930
997931
998080
998168
998259
998549
998605
998648
998768
998832
998935
998981
999012
999129
999176
999207
999431
999695
999704
999842
999881
999881
999968
