226875
127671
386364
401083
95786
409252
100795
113154
293481
176648
424110
461742
11128
31049
421856
165899
426035
352937
115837
240096
71998
54902
395764
193347
412701
42871
96278
478385
174211
463223
178978
331025
303183
493595
86303
161107
209059
357297
465588
425473
137045
429394
197309
208843
115203
149070
219398
445794
81845
247957
170077
50310
19575
36784
177080
316234
211977
241102
75467
168383
63548
120206
165625
265045
218379
375446
268534
360925
419455
32742
96333
327040
168799
330079
66197
288391
121549
263358
429922
101049
208409
486494
284462
178432
76732
305294
65321
291291
234546
271174
412637
223924
221500
374753
362185
428423
70809
294376
140540
92081
324358
220178
72115
295893
331962
158774
217777
197421
239619
258351
35052
14003
225803
160962
428883
62694
407967
297712
414891
250861
41120
223969
235558
469085
448859
411853
25789
160491
291069
169708
433702
352051
188132
176388
109537
197788
443992
362676
492389
430249
353822
322073
203735
143116
466081
25276
151887
286924
275024
199027
388734
175171
158989
393250
374848
394745
67565
482232
127192
276813
220186
459239
471979
52568
392265
381173
374778
434432
137398
372843
479233
241980
63200
286299
96282
363356
103685
59790
101972
156197
339349
278806
123180
286097
41542
316673
184962
329082
381983
159926
48553
248504
162375
392408
342454
69579
377060
266880
46194
107788
283444
350760
148037
335067
231880
415497
46674
168307
119167
344319
325317
497281
152345
71223
83496
384482
383951
87729
190951
165574
213837
430375
393932
113346
404303
206515
322621
441998
158997
337270
474276
484354
493229
115897
322297
382501
291051
477507
265595
164618
415295
72078
162229
50144
5744
421153
54846
491840
437494
349400
280177
374972
467050
347964
335017
403237
407554
331222
350338
465892
351397
69454
316225
714
263366
125364
378661
319101
430364
324726
328733
399739
15813
134396
343880
182087
205205
234353
175240
91543
473933
76656
282521
158816
225337
52190
208769
175757
34911
51610
252054
474323
442274
70102
252349
190811
318274
104852
60878
255682
429799
265985
257240
174098
216389
425668
56938
370652
85703
164424
472553
55475
125127
222277
398571
182851
163845
342056
178449
174286
365354
221864
252696
413605
247503
97262
66323
39105
78362
223038
55605
356990
497029
6120
216418
481527
32788
197258
249409
9836
414319
220620
91190
121144
493371
27536
362496
429878
90533
153954
182507
359838
67461
108363
413072
343922
435641
348890
229638
306278
327617
173395
466425
409195
291729
414321
287721
493827
89880
429152
383241
288881
424368
129015
454132
236068
123201
348062
461834
293006
486197
282601
267362
346903
490357
170873
474760
440468
10508
25355
360273
365572
166886
61968
198225
344005
155850
201869
371552
241735
222050
10650
447096
191024
300907
487162
33254
114587
175219
327693
339238
429164
295682
96874
131526
457525
204254
182101
341398
51402
496968
62675
371585
341880
176301
237322
145096
474136
114921
107440
376489
180738
494792
136287
286876
438778
459999
104626
209929
361213
375336
169973
194404
202536
98985
39570
307581
8628
62294
200575
75345
459054
418330
245674
397538
455613
463555
409784
118437
44506
470740
424179
47454
331569
480958
492424
270621
41186
467269
68242
248039
397404
98466
408170
329068
244840
266656
78
84830
234374
385692
217937
313825
338331
402276
272972
256094
308951
68956
155188
59173
439972
166633
54230
67381
241359
233061
480618
249025
192429
237126
260902
100622
489343
262808
163492
25329
206881
410265
95299
9816
209684
467726
284183
86093
134757
180034
190671
224686
488732
356882
222367
59779
263394
468798
180536
61865
387836
294783
7722
91643
171569
250154
459449
168144
250936
378458
215224
199100
443940
224128
4815
327077
39060
137260
373209
70837
284955
443123
243766
204759
145869
176342
111335
309092
96977
54924
306222
482142
99751
335142
424489
455153
469796
480813
433214
435995
328158
171390
213438
11444
125544
459306
441848
309473
446032
362127
440912
497624
378601
81605
37428
163494
126268
96661
120848
67620
224023
245814
160817
426069
283220
204257
326869
67424
300084
431177
87868
217646
154218
493350
488763
285602
278029
397212
337309
48285
428610
33318
490319
214672
83232
477976
64681
107032
377727
24493
196150
328542
241924
308207
245400
399186
182030
55587
292394
448473
264808
454249
326421
429413
177581
279862
462881
154874
76015
192932
400884
316550
109982
306595
125038
307340
428152
387786
249207
361847
250217
2338
377058
432428
382213
15955
311147
68504
216311
355997
333868
261130
387556
405383
430709
11880
293416
377252
398007
187690
125573
493234
473186
312836
234962
274538
402056
388400
362405
85392
149219
392391
1298
177792
317405
196197
495261
145786
472108
272792
144815
277145
12949
38792
434589
481773
371545
20087
12822
131964
17659
2140
266685
380152
490409
141258
468115
15099
27472
138562
338964
230857
255605
399667
214053
498780
350012
234164
168918
92174
430449
464136
339509
252116
250274
444279
348644
427237
313145
78570
379030
106505
82567
69240
82309
377144
231290
258204
348213
278697
225047
443535
413276
457522
90751
219484
146823
474470
268529
332377
329603
128932
411790
24055
340610
146314
250168
299733
105608
66837
385995
419329
206010
427942
336965
129755
313239
64222
77153
400754
169004
466766
323642
224876
163850
94323
187655
323213
382610
486336
180202
184049
244936
188510
350586
22310
268161
416720
24365
362215
191680
59420
69715
150203
37669
136185
78625
413378
28787
405947
384483
469881
140112
209272
342474
202017
173526
489907
369185
142215
99317
235443
34246
6140
53981
409308
367579
452880
323051
394152
376350
247984
356075
411931
261921
70263
448154
340128
155474
145309
464949
496784
225765
90318
421864
163092
35997
12673
324886
103122
42381
482844
252572
452149
403855
300362
422758
365342
131336
339443
73475
358226
115354
32185
409217
43205
87085
163562
290656
415573
398132
145183
262340
431918
189783
443480
456548
270108
64369
257975
66173
451112
138326
142358
329776
179689
92367
81779
219694
291484
465355
398753
275580
211859
43836
113636
149693
316973
485532
93334
96589
77559
253349
69760
177593
132443
252994
435456
223923
383028
473890
256170
221000
235012
426186
76729
156962
33969
202436
480130
476113
162092
426517
265345
56933
51230
402310
188601
67396
435258
20508
102315
179462
246700
312979
16410
413084
342955
158299
284766
191725
163442
236409
390833
400146
415422
339949
331872
129014
461294
45881
409999
360798
457396
229793
153866
330178
18922
9440
446506
496451
157233
217326
25447
101637
254671
479799
171203
168833
392646
310436
308371
123541
45117
330462
42390
201343
413853
476711
111061
293738
96856
459835
382295
350159
345899
274517
55914
150602
319412
340117
146729
61335
105163
50215
12911
103365
97338
172143
115462
57700
496274
343737
191286
101897
42439
449736
107168
137558
50050
107389
122803
481273
392564
49954
130206
307403
483742
159405
231817
352833
92016
202631
184413
215454
65607
17928
497488
159873
351552
350364
188922
179529
339359
422675
172525
54005
65196
460716
82142
11462
71540
19056
144467
373021
324299
293691
437900
443497
339771
450126
201730
204838
444285
441753
246973
353176
497886
185915
49830
220333
75231
57882
317849
148835
306098
290317
59712
264961
144397
114168
237851
135330
208898
396569
290801
380238
493757
314997
340798
263400
51684
104909
50509
244209
301618
294403
428212
153050
13824
193139
358413
21303
417626
202875
287557
470839
193001
41876
213958
322165
76918
325302
349989
223999
182176
171772
372125
275257
211231
318450
167588
14166
385768
411643
478654
248876
2636
425312
427316
268124
470747
190297
99883
194457
324637
253985
407801
155228
246422
314914
22908
54761
143422
412777
297569
276036
286166
100413
460730
53326
74609
33566
493553
163833
69566
343705
146397
58775
82859
271194
137177
151921
2480
54662
280152
181109
381475
2374
489267
397488
49326
499647
91753
96589
272207
121738
373291
318289
496330
157296
372013
262719
210652
352797
300319
396469
230754
380601
468103
128313
201675
149298
191569
489581
20848
351954
85386
106196
370499
322295
275534
92331
252436
234869
394181
64193
337730
68501
323887
334644
27537
121625
441243
250719
22249
383759
156441
98295
360369
28472
261730
236617
157215
417626
285538
418237
19653
408696
497983
341929
445113
293068
5848
111027
342704
439621
83116
461403
331341
186158
168539
182021
109706
328142
24952
129571
289450
139292
470502
498215
138063
204150
74262
173801
2408
104727
352302
495590
174716
123552
269957
113083
488132
327864
194062
168541
142007
67359
399961
159709
200296
306981
69771
76585
304777
43814
281049
468108
342753
140197
194877
255216
285740
15010
81587
291989
330131
17477
319748
86966
173814
467217
347338
363152
54015
253257
127781
232247
191501
14308
124592
186120
289404
30807
343570
16719
28843
390290
289390
320287
257127
148460
482724
144142
425708
211401
366882
199032
446882
476870
70150
490608
176985
199145
372246
168201
410184
494039
270124
468091
190496
218091
74840
136293
127107
318142
209797
447411
134158
354092
390349
131462
370121
360642
320478
80843
190554
37
69468
94306
222792
185674
497554
29403
299678
264738
498650
78691
389532
105167
315416
250095
10376
101510
275674
392069
154509
168077
109389
194904
108157
404761
418237
273353
17624
149489
457667
186381
298534
207
377724
236947
231195
124417
187155
13924
284031
463064
86892
74875
125438
497043
56758
41324
318894
154385
385667
471917
259543
477959
497990
441636
278386
276734
35686
10524
379951
4441
29720
69980
63988
347271
72531
52243
377356
258255
224358
19049
254046
376388
327016
217827
166540
240393
100992
459500
306969
313435
13335
498409
26438
158975
392173
100799
448100
359569
121291
464845
157666
173939
115571
162366
452574
307739
322981
12818
387157
325411
398786
42689
99980
27628
282598
25696
438041
22266
106147
242072
498279
171446
399068
226053
390330
479223
315129
161985
73853
480301
161754
3254
132084
471015
445907
405072
328175
74565
9149
42077
37424
366149
253879
90939
249444
440174
163099
486122
274576
116954
38569
252577
433396
289210
150198
117302
182338
158741
30668
101500
465925
20011
137796
279657
124823
41314
380580
434987
388646
441625
479804
290725
50873
54951
310533
459554
15528
28725
34070
461996
62234
130216
250185
417005
298369
41769
491017
284768
339317
345528
393955
486634
381136
468466
446819
322185
230501
149968
412658
111455
208831
451186
206191
292802
53808
37479
148208
37736
355196
331345
37488
272278
69747
27181
479954
430750
473220
4066
244466
222876
31041
54390
315258
315277
63584
10563
210819
323357
401172
487481
161952
246070
126789
463161
369147
434193
322576
130609
92528
184130
105412
381424
300068
135840
17110
29672
120266
94722
400561
314418
438511
323123
477297
242754
227706
421018
422962
158476
224544
137360
3038
417232
80272
286990
111416
321854
277345
486198
280487
300369
411448
348444
343935
172548
365121
168232
430475
418303
448359
114868
228319
497188
461934
61522
470521
329148
322513
109274
463029
243299
256263
397079
90704
383546
28235
268302
51841
107773
4225
268349
492894
462276
475973
215647
446876
478725
50157
270155
482892
38569
169674
374708
312661
315705
311400
124096
52268
86258
179279
259965
356106
166233
9448
341433
365406
242575
377961
32642
107112
104532
394621
439326
209842
41719
28523
163091
289330
180285
239229
404064
272992
225856
339354
101648
463231
295664
351238
489929
122912
14480
71585
452217
80216
409740
194206
480553
383232
352725
265587
29896
45765
53460
443701
292850
344740
231070
424750
437120
11339
348986
201973
252493
115769
400899
66687
15327
221776
433431
36127
216878
98857
335433
256185
189368
472120
52432
369877
148991
93294
207930
391992
293863
293190
149710
148762
352977
321692
276885
419892
43259
93743
497086
482658
466195
371516
23348
204970
495894
390682
442307
476103
56977
48730
178063
164837
232917
200245
273477
488551
171496
305529
7088
130461
444583
129900
370154
408351
208813
5116
485596
446208
125187
283821
287962
909
164969
482685
408972
400732
181514
345534
155882
57999
328091
139884
427889
302527
70590
478966
269707
299986
148380
194872
355350
460778
449388
414801
142505
179433
204494
221302
3479
249270
92041
239748
108349
152479
66494
442287
373913
10905
306889
34704
188303
202271
372183
120977
60325
233842
358110
324710
98251
166911
391286
325054
384153
305401
359912
43
330787
451225
242301
200059
342478
114583
16288
281906
255139
101615
93568
245172
73738
413316
83133
163362
288065
274670
73008
308631
116158
284158
296713
135400
235717
365787
134461
190422
377302
458641
93974
206980
259832
368367
261601
103019
12232
100049
125344
204243
139081
197829
384017
4723
158234
257302
277931
195003
151692
29636
87720
274593
457313
204659
452969
157927
29132
345539
319109
131309
117184
480469
376394
235855
110348
120315
310777
326150
483982
131727
446045
153255
159702
291989
128057
284620
220613
133252
125148
469562
160389
337120
42611
342236
343881
197821
312609
256498
84521
437509
347051
143740
414354
423264
273500
348333
306235
201667
271509
366936
324237
62631
111752
495522
202727
203981
26185
310602
100417
145120
266673
243632
335451
332994
14659
219690
364880
111541
234827
275094
489029
253299
286251
25393
217544
95634
81271
60354
423913
220399
91163
242310
497064
155647
481532
337381
276331
471273
365
286057
97879
171186
332049
184135
60806
119690
152310
45740
463029
453785
414336
4587
86385
313746
98809
27842
488182
263807
229941
281629
333767
7651
126050
355835
193007
356193
129694
303505
73460
333451
280669
376251
113390
376998
280776
24210
467739
468120
57625
36741
403680
239243
18500
336581
240275
260675
29184
429004
207972
346219
156050
145050
122636
357106
172305
13688
112332
253856
264405
10742
132695
104032
68794
220109
131984
218770
375982
384253
346683
81300
415215
207385
474531
262299
247913
33941
192765
177681
300146
273221
356794
317471
194589
89634
210508
257850
349654
246812
192089
228904
445488
359979
429213
17404
14779
22724
189968
111203
392930
295965
295797
51333
413562
383522
149264
350130
138355
155035
427784
228837
401538
401462
43863
296488
266988
122763
190160
345165
49380
24286
150966
398699
61973
193489
434379
432171
379336
372110
361673
58336
440387
239059
122588
375778
459880
253827
15674
316146
247141
450382
130122
40918
263726
66822
368415
319433
192445
2180
252723
202655
9965
446988
73279
423133
412861
92615
450582
274610
463845
456160
59939
279072
347365
417150
229875
473648
164485
381031
398302
174517
145687
265090
482571
491395
364479
456277
371283
364489
130471
43912
343208
234703
235074
188009
70982
276048
46598
20823
76772
455503
183127
350477
161734
293710
315323
364802
91304
208961
57751
255403
197907
326835
87656
103962
9676
59350
123982
228113
188476
342427
394249
224031
427335
85653
49238
8464
256359
106975
477240
372429
70834
235636
242607
447165
382862
44799
475165
329949
235036
281064
168049
138756
271762
143319
127047
397130
271332
89762
173748
364810
475178
185041
262007
233935
337956
490120
282430
457883
223174
41116
447257
301020
21439
142153
236135
64405
35116
355108
25108
325192
238530
51972
410563
134098
381223
482911
482310
141168
25272
47337
396122
236939
45908
312937
292044
204138
438427
314825
366770
387002
277511
210749
430429
10825
122065
383451
444701
280710
154263
331719
202230
391804
21635
478526
296418
394869
431701
30633
205185
430330
429038
159751
493851
201873
31381
130837
360803
73795
154105
51296
199416
358675
123293
476475
403545
143420
8928
261407
87791
411737
120896
333894
66142
457162
446307
283665
110009
337244
466165
433183
19971
66853
201781
488590
184058
381511
425204
457848
290192
456687
110391
313319
489003
36398
375210
40208
418163
214347
81007
18054
134963
487936
404020
219199
428945
308142
298527
24511
211874
28537
225277
401816
316392
164636
73046
361791
386683
230087
47102
91402
480020
433335
129620
177163
75377
162944
215619
433663
135895
255045
158338
247890
12459
193605
476293
142777
455177
367202
156032
38688
440888
374979
266025
30411
357010
337018
491688
121597
55533
248690
163321
438248
85486
167923
175145
145111
298043
479667
341357
202692
192121
38244
479499
13170
21035
163764
439743
485706
51661
282577
386083
339202
37242
64254
353875
397358
463449
56630
145393
393675
372955
188770
94957
401333
411166
57206
365249
134360
357919
278243
115306
30473
430292
230779
442265
279380
199892
466565
434766
241864
263429
136851
77422
156583
76569
455963
70452
287000
440830
160807
374186
184525
387810
257359
423615
332235
375312
462692
283159
31693
479819
128275
202341
430745
10209
19000
368816
132543
338531
71784
390325
437221
225256
464292
98423
28055
104227
196309
252397
450816
115193
385996
427725
430877
282458
100215
70448
430073
342263
355424
13579
177307
169230
337185
38885
493955
195088
481693
462955
358668
321135
268293
160725
219997
307479
122704
271062
297976
223072
173436
394659
373125
101121
321825
344205
334951
115082
465064
286189
207396
278499
402873
90329
75479
363002
437440
56110
79527
257649
307741
497624
128084
204748
3199
239216
40960
275973
496740
75165
427751
182217
244941
37567
115726
98596
134295
47275
496312
328337
313647
58809
295416
77394
157891
173628
254288
346241
340334
185681
465988
81585
108184
272163
406513
46787
58347
270302
282387
356277
264888
416628
76732
261904
321257
113569
155189
276108
306239
273803
24846
82400
306304
72824
134118
63787
38902
272915
414232
124713
266066
70835
116031
176510
166606
137134
452821
210210
364085
324308
99331
192471
232580
353584
116788
190187
364633
469440
293793
435793
207795
4244
22313
324957
150252
32321
33500
22035
312907
119930
139961
141478
128027
458564
143275
191166
135056
80971
249193
178731
229590
235753
364846
183762
72013
439220
135080
463416
56593
313539
141292
404509
95694
136271
97561
90112
16682
185822
125206
356290
230725
180709
221633
86864
322563
253955
270471
278395
452427
307018
12581
262056
120202
42298
358004
210630
55119
69614
345921
118505
172776
302342
260985
298256
277585
70470
171588
372531
240063
365249
311173
254364
121432
54927
208384
352789
200477
99956
102816
25169
168021
345498
829
370338
209848
335622
315587
439260
336065
97530
17580
23389
119530
253552
194357
434717
151756
159429
26117
80980
137415
247191
71491
110346
393083
461952
73670
314295
291768
448710
362883
426305
143121
432703
348684
429860
331249
301787
33623
441072
27635
185134
419165
94581
240601
166668
316799
109290
31151
297617
451649
498289
199234
257300
243728
32243
378401
433893
111322
112552
429571
389044
392094
249763
104447
236262
36010
384395
50746
325566
290309
259928
248432
76124
250315
461907
76786
236124
20829
125411
339581
127129
379998
141026
228823
176487
266846
26361
58749
47005
325653
293864
312463
347187
145695
155557
363750
281132
147176
250218
290577
100368
494074
396963
412686
89367
18170
1953
255319
198331
280304
350545
128762
198085
17583
262121
415259
220922
96098
127942
338449
217017
322839
138283
37800
4046
339576
436778
314254
320875
258144
57462
186393
433480
333791
147055
367096
381700
289730
6498
344104
363065
453472
415008
367599
177267
437362
380763
122357
110882
385652
61144
168435
423038
129150
397435
456090
245559
141478
329208
145485
360885
163069
242732
446520
212047
224472
22183
268456
49431
129392
218629
18735
448879
201824
453591
98652
413450
477963
333961
333804
365873
185625
449101
3073
212222
19487
472576
196040
370861
158666
374938
487917
51581
166012
185182
165075
249513
122944
436424
100674
297758
214618
192808
482029
247758
158853
296001
365574
154084
277757
113505
51563
254580
192576
143322
277028
489454
239130
161578
495731
284384
475296
468652
322637
59277
261028
229656
131667
310113
324948
319832
481128
472592
192405
429454
84301
274068
484985
35095
13586
153766
384362
323372
476779
213659
372323
489263
408810
463014
460244
172453
263465
37340
232461
384305
351430
98610
418502
113497
366335
282814
42109
11268
351538
179287
137472
50498
482858
493848
353633
476062
17031
107743
105102
58900
424362
265238
65405
49533
434718
77597
233752
175727
347675
403208
361648
477459
125052
466364
18041
473746
60226
92743
70424
401023
38895
478759
7333
150706
154507
445020
129708
177667
145301
214504
315300
403738
237289
106095
31347
305608
467090
292711
30799
276490
176591
284816
231898
385328
145006
297608
425145
305976
271302
4308
98010
324454
377317
335384
276046
18469
220228
268105
25065
209492
147037
405341
18086
161988
365303
425703
114165
495654
221847
274670
292481
126307
136307
300971
323834
432071
409755
80533
112471
217311
319709
385721
263547
470407
404362
391074
260515
10400
371973
211690
419415
216972
451828
490757
491899
51080
383919
486028
12254
384334
123489
485207
493548
443092
5708
400164
476269
223591
397497
338084
306553
453649
50311
157630
53572
187494
404431
277910
263249
256970
154703
172691
213508
311819
106473
108572
395546
134558
342764
3865
71411
163304
359818
471773
305956
279550
167702
79734
267361
861
372388
492635
300652
210179
340270
486371
279502
183317
436919
409371
426970
179476
195812
230103
110270
308925
405563
129530
313366
107301
63947
179560
392111
84641
420746
288555
413137
116277
133666
437131
336351
60863
277637
65669
251535
241029
477594
212111
109597
17989
434192
400757
68122
445124
170049
194699
352719
249457
255497
204169
187366
428556
13591
216089
295767
199088
250910
180162
268960
256952
124625
267355
108394
473126
265917
472279
187844
94029
324050
334136
366830
248397
128434
497396
41245
370502
165738
174890
132142
293583
408298
81389
245729
419484
32642
406513
347767
463878
93873
347445
54479
348871
137449
254010
399810
29254
189099
64007
208967
113660
326545
232290
316358
172987
298103
294246
425607
112165
254678
460749
480611
91988
353987
464067
227492
242164
484426
110873
66275
240444
290966
244922
234677
85778
56282
245131
380023
273995
356759
338768
47743
485364
400351
349910
323950
474652
68520
461020
381626
206397
493643
230919
189752
179377
275075
493760
191706
302443
325684
405986
411994
286885
175357
25482
238933
180457
268898
180257
261313
96931
481244
276504
338930
407435
262506
28083
231384
183651
201856
371949
128792
442017
496232
424610
244399
117700
387419
198984
353610
200487
80372
217405
286512
327018
29628
378457
297671
58681
116594
356880
346228
445491
411339
373613
448097
256121
42390
248859
143055
328424
82089
260869
81076
102419
471855
235592
138997
192128
248098
329615
430397
247882
89837
271521
138814
407159
36610
491177
75700
335984
297687
353942
122779
18071
18273
438234
131414
280264
319454
97018
73902
251099
390031
24346
41323
423144
98325
285117
35871
54959
373930
242663
147108
221179
249022
359060
440116
174421
290909
126969
480413
283485
395492
49677
207898
239095
332312
230853
329831
461210
207777
324885
328628
35498
347462
330248
277668
87855
231064
235929
284670
330828
292173
39303
192027
458453
82117
446331
330218
303633
76499
475261
135347
75573
202779
434482
418624
490080
382201
65172
37784
208590
236736
4065
464961
383977
263174
227598
37652
116110
161558
57410
125486
67244
413142
142074
121914
370068
124051
412827
42493
378716
385476
388008
52651
392705
219575
235030
460236
144569
403739
335531
367823
255206
298753
267057
480846
373691
377345
246668
174331
225815
341575
130266
299254
29131
316904
484801
92221
116916
91607
364762
320961
7939
364286
131489
216231
465612
489186
477716
387749
483109
463684
267741
402486
64004
259413
52008
166001
340492
140949
252469
66160
493324
275485
188926
387451
349998
373556
230970
222157
258831
94879
356044
465294
240418
343948
174730
86856
381247
151569
64621
28461
101464
151659
49866
448216
244815
24537
273134
355987
440263
253000
460310
147038
499360
26391
69734
489194
100479
41499
149958
457114
94751
417604
147327
112962
82751
462674
194621
73999
102737
172028
135665
179028
41696
171792
250274
371764
489140
384253
65960
310433
475506
385948
443627
262886
288048
469612
325174
43090
356011
304959
240208
361626
180830
128758
321625
65948
431609
64973
35348
35331
56022
150356
20862
268762
165691
83772
228376
439381
1218
436641
149685
232536
8162
485304
98637
315253
301977
482876
51184
153556
30420
153983
382456
487937
134065
417576
436306
206872
286544
329183
423074
456547
195439
176336
162321
186755
193979
71124
277242
305917
194265
137145
32742
379262
29558
35344
78794
229567
276530
125945
443136
118005
272427
28649
418005
473781
259167
175076
397151
142686
48131
167257
210226
388785
439040
17571
182224
156758
269909
214741
8183
473236
404159
228833
239143
179363
2113
5554
412378
232308
187939
268219
208002
314857
40138
378728
295742
68719
319391
120827
193360
211155
228408
413049
125521
38658
479126
73606
454453
120133
144637
51066
17568
429793
234006
489564
317484
289109
78162
376129
153299
165771
433381
401352
47165
429972
216699
7389
48686
339584
346510
321765
123849
369833
170209
49150
199394
497694
86483
4768
197346
282398
44054
306377
209199
292992
443032
481936
155158
474660
10575
196970
97634
103009
155819
14777
90662
171336
338190
285721
326614
131601
224610
270811
191821
440522
160638
434482
274069
492094
91071
391077
388147
279406
223072
225637
209346
367237
200243
486656
82802
498094
242052
379741
229466
416449
290290
326971
237425
491663
133999
319433
402599
32586
18432
16410
318774
282582
187754
366286
413370
370160
242242
186041
485869
229860
55242
431502
490648
347457
115566
482673
72316
238532
37412
245802
188887
328781
350188
323192
180578
463103
154233
69359
451491
139151
407918
475567
226229
202394
65238
432790
496925
132955
496161
197936
469423
35963
291076
341980
326059
215524
46508
366085
114814
274696
393906
174392
68788
167864
352395
217750
94601
65141
191470
458208
85174
264486
212390
153759
127015
434577
150288
235223
484809
455514
114262
425924
289569
263653
447607
162193
53591
200544
88715
280922
313418
350796
95167
435372
237441
440493
181872
341788
57009
475266
417453
66952
187860
344800
75440
231470
57702
151337
295689
174028
3837
8752
225220
462075
476803
588
406250
261208
322410
135624
448354
187711
80668
104350
331815
26998
14345
473105
318140
132013
319144
222799
419670
90875
167996
95672
370565
187334
225574
12071
273533
395096
338898
202902
114950
449787
61671
433278
123937
173857
246295
371488
29270
50750
247049
337902
153215
484732
258890
307921
463848
306937
48469
238781
327552
495742
282511
230892
130516
488555
323832
95453
355041
83153
198133
410527
361738
241226
378211
280729
492278
42128
371927
8138
239997
455396
462735
60139
43781
61684
147124
443778
54054
51139
239711
265623
5633
173572
100922
133654
463796
45044
491586
272033
464443
35227
66478
217294
360643
353104
293008
214173
411610
471127
419979
206315
148878
320080
140022
9663
106041
114476
129144
71444
396906
146483
287883
49971
199644
457910
288605
76948
79505
74234
317675
492387
425881
123637
89943
467786
144400
266552
471346
389902
250235
458804
79727
274954
382436
330723
106102
355511
187903
265196
493028
315545
12587
169846
185162
320197
279938
316867
326538
427064
197838
161452
274601
43595
467838
37637
443319
420521
23145
352478
90233
444996
476343
10858
216075
308216
255115
253844
291816
286460
470281
156620
209300
346135
25648
323616
431578
40511
492262
441908
494206
36184
153504
226042
235138
36063
288292
155167
226536
158305
132519
87205
483974
197885
186214
421581
197982
160339
320363
144059
244022
205022
173509
278022
480108
361331
103064
402310
22230
235665
456208
35914
112846
410998
424707
381192
343651
154337
460628
52438
450922
362763
52816
254411
35563
1984
35645
143211
480326
424856
147837
151520
469393
434929
384720
459644
50896
222983
353641
180025
120146
205470
44717
232350
4069
482696
342720
204454
101001
420949
140066
132310
362788
69050
68233
213463
44879
72673
314587
327350
402661
100436
221786
130999
170950
170461
365117
295709
475524
402644
37550
5887
356464
62235
170838
333810
287217
291307
53050
435754
482001
200858
443801
379386
9831
7413
215926
77880
320060
413117
443961
360355
56691
220859
196488
98523
344619
134507
223406
447828
452528
417196
438939
318741
363766
183680
277188
22756
157068
337219
262915
149510
391597
80645
34271
471554
276376
372190
366577
480433
342468
345302
233997
192516
228294
288236
166377
447954
380826
348004
383691
42473
32880
333532
328553
135315
306195
258570
115133
71071
145181
192392
178979
176905
353481
230374
304827
139403
200809
448203
421928
481040
498597
2742
163281
234785
450870
333208
162715
431174
282600
266250
14508
92507
205575
294775
68436
460043
86389
389109
87342
177460
413136
41078
410568
149269
344226
70664
467754
162550
305291
282014
230579
267300
380519
83252
360742
141646
478061
452904
375902
199315
312814
484140
343867
233512
403164
8180
136295
340758
212514
256269
408038
328353
85030
176054
132916
445643
212107
221308
397800
491189
410713
408469
307960
150330
364738
24689
170540
277110
65226
166954
182870
320728
384927
353476
103316
444797
384956
314605
279332
446180
316242
189001
318843
39801
40743
372035
222424
461970
15848
452855
447900
461955
229545
441491
69841
308937
102119
102886
14577
389821
8241
478894
396431
233950
296110
461687
82860
194079
328879
384944
404371
271794
215087
464234
134833
435395
340225
368447
145014
231214
40435
287323
396997
77483
298301
169690
290280
278849
245639
190216
359365
109153
16164
279628
68848
161161
254491
69532
133249
60371
405227
71342
203908
215510
282381
282159
65901
445147
287243
485489
80205
184642
77933
188092
197977
365910
290680
65461
95120
344705
334667
196677
355257
77063
90686
221156
48535
217879
466634
430893
332038
51714
456600
52195
437834
10595
434317
16334
382420
447815
6638
355066
91412
14572
81190
231354
492351
315433
120686
450523
179526
234750
116421
83269
264024
419046
63307
72867
324292
126746
324465
212456
367341
487584
38417
356090
7483
288510
163003
283928
289219
465120
357752
419045
168258
307651
336643
448844
337104
155374
221671
23728
288476
269212
23862
491229
271217
274101
397541
168063
314731
489126
92437
397786
12675
24438
93011
343451
76819
406158
4933
14293
427694
445421
445921
426130
360847
284331
31497
450955
490603
364737
394725
390176
78981
299941
15921
114059
37526
150572
79735
280142
479398
169164
27317
329992
44583
314276
441137
163007
92699
414276
254307
436895
153783
477059
469116
322880
294244
25956
480729
195598
498322
499481
335723
245444
410419
260241
201233
39708
176849
293253
188143
164806
123050
151454
138697
92514
468892
180697
372262
343598
341122
70560
355319
37244
92454
164008
415546
47638
460625
110481
26704
139229
205473
280206
459831
372981
165761
58503
55933
351131
294193
227103
168220
428553
164366
279344
477925
305845
263419
317678
463682
373661
408565
323231
430882
366955
471660
213567
404850
36533
327149
97694
276154
68400
358691
404457
335520
125640
251215
438621
416861
195197
80983
73736
470957
175354
212804
284454
413084
419858
347021
494037
75045
178741
23972
315777
365156
440408
96857
301928
145331
110621
82159
146966
477040
277472
286628
59517
314846
400135
87047
427724
463796
268704
76966
279761
488469
147819
396057
458971
95214
250354
399490
326062
413125
351766
84299
435600
154852
149264
126994
350952
369893
339533
69120
375434
172817
135934
199422
457748
211289
355166
244387
43038
187505
200937
475620
155579
322651
489077
305730
354783
240585
397922
220380
165231
36169
401859
72830
1804
17295
458043
424250
293877
287989
93655
101223
198596
466172
145768
400198
186392
263208
394610
432705
193286
30161
187461
197228
373545
216019
182795
489989
142581
451960
146059
387048
165015
373562
71649
275542
320558
140910
98078
236033
301636
438325
126095
49147
34172
7873
60758
496303
387330
389441
377069
245341
183728
215486
295661
495941
327661
340010
243583
99063
268230
121272
245332
204122
230237
315924
431490
98132
75021
126354
460806
327819
161458
113019
5741
35395
244109
326458
152978
237788
265822
202638
55572
289253
238098
201470
300588
268576
418441
121276
365606
461650
91580
245308
293885
186072
38550
148681
362300
65995
358170
113419
200537
348352
204612
359086
147692
51463
389411
19001
159630
150800
64004
67054
212175
323941
430755
78550
260374
373612
236750
306376
416424
316242
442506
372642
316051
472038
147270
389459
463269
309246
155313
479932
34942
379105
319979
471895
308630
223012
402363
437688
427905
353153
185559
89037
336259
212531
424676
80389
123651
328146
337088
39704
180199
491538
49694
286243
352762
82074
453504
274803
349394
197138
246223
208740
48443
331110
480257
229163
133840
226327
404343
262681
51621
463969
76889
326684
288061
358945
361237
468348
239967
224066
214941
319806
134967
147181
138935
210509
7899
350277
25990
168823
334894
15136
179412
141313
300509
322183
70292
416609
457621
403505
139033
440247
468919
375298
462757
330812
10415
240001
212786
430428
96272
259599
411542
162646
146836
278231
330842
493767
376810
213648
456689
243004
16082
480152
163384
391446
251846
72541
138815
329841
55122
432839
462055
477179
423979
145085
167666
153132
182886
299932
263113
286107
52348
287016
31200
8666
355490
245252
168134
272241
149884
190256
372133
248090
479526
165366
5682
419547
245556
72494
263799
45541
406932
73315
281302
203179
244017
151236
33731
69586
198286
427988
345243
135280
130548
193581
397518
288191
107665
33888
129381
405902
234770
412000
472206
85520
166368
267825
163678
260195
28544
360640
488060
275571
307803
160609
368262
481492
392504
335835
258618
63447
349937
165776
299679
207500
53479
169804
11860
387127
464466
249215
346728
344023
404866
485635
449353
370122
21699
255103
398157
30640
54363
333622
196150
64880
309210
11539
301003
122114
333275
196732
419901
32403
492379
240805
472315
238686
4529
449833
78393
460438
343462
228474
401947
43865
4644
411043
78844
383820
418403
144388
91872
479295
262450
412062
311618
7025
267089
119583
71388
207489
232620
252166
364072
378517
422568
375913
426037
31368
7948
243713
329532
477073
274021
325256
357884
383617
256130
421795
409033
365213
376716
89358
106849
474381
151596
315389
465346
163647
431531
425916
258381
372727
386973
157893
181326
194447
251288
240414
481331
164807
99432
469061
5054
125060
158124
457680
5728
357266
128757
475602
58077
149277
402237
37577
166586
228414
366581
467798
161097
60037
18456
302583
