41284
57942
75350
58229
53400
166586
76948
47093
130299
107947
139063
39832
92090
53252
158950
36882
167361
73536
72571
2323
46063
23969
156330
29631
134423
187455
165631
96593
136079
8294
65558
141985
154103
195185
192994
108603
105441
19133
42855
77872
147729
193589
192959
123707
29359
85590
166571
83993
1618
154349
19026
42379
121728
165168
148762
31916
172768
30719
160562
83721
191927
41856
47043
158706
162301
116866
51712
34490
65972
182297
52182
41928
26663
85665
21104
81855
38667
194759
40088
113569
73599
135963
157540
108547
62115
129739
188904
106060
182926
73638
91160
178637
90351
115885
60364
68667
89388
193547
38327
165714
112883
116319
100567
193151
14725
126538
69780
18860
85955
181095
56151
98874
144273
92136
85306
144235
43247
161624
90777
176324
82771
100579
86391
13237
75845
93515
167163
8914
79060
65305
172148
141927
151440
82165
89343
196102
36857
132398
51221
57571
190219
20549
20294
171965
148894
110151
175795
148698
57730
51614
110524
10618
12537
115362
194638
151488
121309
54977
113814
19424
167532
8162
97819
178009
145215
176476
117109
53847
89218
76298
26708
44696
75267
107331
108121
24287
101745
47363
59662
97100
146965
117522
133223
156830
94724
117462
37612
60083
48196
29463
154992
122613
74104
187046
186368
4670
146709
10574
141460
40667
42715
127504
199723
185355
91946
61998
124458
134054
70333
63650
27336
17776
126862
55825
25734
174530
19886
56069
32597
59584
180980
60646
77421
75951
34382
154054
177406
110503
70360
46060
83296
119901
90217
59362
42583
149320
91256
17436
167334
145142
177403
174178
70277
172700
127753
8837
87416
62575
157267
157742
151853
186942
13979
153492
113612
51292
98507
32245
126361
63395
185198
193483
189744
58180
87714
141149
94106
7567
121510
127272
42833
195358
160344
95373
114254
6941
191921
56613
63510
91179
9800
168527
159587
3592
134131
151354
39409
38663
57372
95039
79411
24779
4620
48111
43972
194657
179903
51905
68710
176383
122432
78217
19765
75286
12960
74784
148715
124884
194398
11986
4786
102798
84722
166942
153962
131041
190523
15052
49535
164115
30467
176995
40899
25734
3178
77860
25527
89460
172283
182710
63441
141497
137889
91122
150618
40534
158486
30101
114390
105491
156588
143299
41614
28165
38996
56281
60327
66904
48219
93583
79000
20489
61016
198867
189114
15384
175771
96592
73187
185765
165941
61413
158984
58457
164662
140821
120248
77879
20265
136898
117458
81118
45797
49900
31932
44152
35067
118651
133617
101331
182203
57615
38749
108542
96049
5912
127510
148696
180170
162224
59497
37308
114962
126154
195134
159352
149526
820
139310
64494
132765
70191
199667
148202
49949
48238
20366
164880
190353
133681
159201
2509
76110
71873
182592
123051
29021
49195
12695
17962
53191
88038
95926
189962
34343
152299
124395
69805
77821
85612
162391
159091
110076
121368
47828
129856
22400
2864
83998
68155
86293
186268
73745
136379
185513
48287
97829
21837
161717
166748
112884
14686
118904
87127
142217
143962
35056
143971
186773
10013
117276
82883
34596
75611
42975
107856
23773
197328
103055
181381
184266
122971
183254
58253
163879
375
99795
114055
115581
120360
195268
151718
119827
82213
35264
115860
95602
171699
95694
4098
148262
43268
154338
99994
72487
157692
138906
75433
176509
165494
18748
27205
77361
136005
137996
117033
156325
75722
159301
104574
45541
13754
67274
79975
88854
128282
56021
187062
58777
119839
129302
47198
69432
74905
141849
25720
134073
54996
144134
197161
49678
197697
4676
133536
48831
98257
26491
57482
7586
104302
87526
73406
27228
57507
175647
89483
62674
137354
75179
135883
151616
134551
70891
165424
58192
172124
172499
17538
5883
18843
51668
157032
66454
43234
122173
111038
86380
198422
7981
59641
115244
194617
13776
14311
49466
78222
20269
170607
123243
172156
111056
197231
136893
189213
653
17485
171667
15078
106016
16318
114453
183113
116729
20118
113404
117046
195369
9987
51491
173673
89629
42478
177198
45732
124232
143122
24456
79841
127566
157235
104027
15627
65315
30497
81393
119674
33320
102286
110098
171658
191465
143570
70283
119227
23197
63638
190249
5107
36302
61254
8625
150546
28666
60521
26543
3167
133404
156768
144012
181592
76641
96770
65873
96000
122664
181968
22285
145752
34735
61338
163471
129992
191628
2551
19728
153203
128903
38789
161803
129703
126387
63211
145481
117752
181005
187235
58473
155407
53126
133188
81651
87491
88853
177787
18030
64891
196870
74415
163723
190233
20804
102342
19937
56671
64199
45299
195324
67955
173564
188284
98428
52917
2204
40341
62617
126077
66639
132098
193512
184144
49101
74185
179348
81396
40128
145926
24939
188036
191759
37759
151810
101603
199157
179627
122393
1569
192885
97543
36828
45785
138705
134509
101374
154281
117997
13558
137378
42668
39282
43612
119883
143898
30833
194771
94987
62124
106647
187574
5969
60406
89383
193979
37525
111579
165433
125090
142594
64512
158500
126888
56383
84105
138863
153471
175042
67582
3070
170408
44944
171950
46539
151266
35815
181098
165892
159036
58581
185773
194420
163125
153607
152056
38446
109054
48387
109240
10782
173839
77487
187452
40059
14537
5575
130670
15114
96917
58359
177315
74460
142018
40975
130670
121321
11235
165281
112342
126234
374
197323
15329
111073
15613
89042
167818
154132
21709
69557
89650
167592
90832
163303
151254
173138
34071
17327
94501
51983
89835
150708
192909
133371
33487
96886
154700
135199
140398
77764
39581
115754
106583
104692
82039
98716
165312
168949
193043
33458
136500
74303
150347
178409
48001
1334
15493
37873
116507
116041
80127
171352
22017
89941
198696
153001
131441
99869
175863
58526
77094
197176
147165
132664
40738
84856
26278
171892
178468
157503
182140
19927
176161
163736
19496
3950
187453
61981
8921
121852
150286
164465
65934
152202
52516
94551
38905
107120
173353
77700
109727
169701
44308
36813
192794
106295
175933
131083
55428
108981
32238
53478
147017
119259
49936
85972
122409
46288
166037
39367
67719
73881
180741
20988
129280
119957
22412
160007
96153
110676
65544
124296
11996
20259
152899
57868
38953
106172
88966
73627
188338
9477
104943
49836
80390
182780
33003
110510
69889
126306
9182
101142
69027
175581
199672
12191
26801
135606
58597
133618
133801
21861
121724
184007
180419
89957
187298
26852
140361
97016
163856
41673
164961
102841
169382
165018
17892
192130
89264
131713
162813
8628
177954
8147
107878
113496
61298
126332
193241
28111
183599
96969
53348
15038
163493
176447
197036
12859
78280
193481
24055
193437
174534
45125
180755
49686
143406
65036
63148
37861
102731
142435
73802
153821
27097
156168
53632
138525
10248
21514
190219
92809
64292
137046
178221
13179
58097
124560
126344
115982
59343
120504
161463
63457
98350
196574
189011
50041
164868
132696
43484
197138
11581
8361
165721
182160
93730
169599
132944
18614
15714
31856
195859
101920
13448
1795
72395
84409
56174
155049
114329
136424
184303
147833
72232
147986
118910
25851
153045
149990
168600
80325
95291
174582
195713
6643
88886
140219
173432
45019
193147
85725
54360
49811
59339
70534
103569
102501
124362
109847
102626
110906
98263
133575
78756
14046
35182
30941
118039
143200
119282
190755
504
103960
107362
29609
134284
152144
187237
110717
90420
3038
179320
41035
117976
22036
155814
39317
75867
98528
136816
87759
91160
104898
10616
198117
83743
43061
72631
148506
136554
46927
146233
99904
88407
190429
71725
150518
194824
144577
87104
107080
158763
4039
176921
149764
169631
114768
190964
74709
44643
198411
133508
142549
122352
99909
86040
173577
128638
34640
130093
43695
194038
199006
171878
17458
123566
23656
75765
64515
105751
69400
37339
37153
149238
18116
145186
132333
198915
86031
87277
50091
113939
126234
28130
162174
22302
130845
68317
134548
72478
22032
186319
123798
58516
69323
93739
771
19623
65678
111932
112229
90539
103593
49598
146251
55567
30463
97090
43588
181936
37458
34707
2761
86654
180446
152907
16265
163063
46660
141069
5627
105906
63263
112891
45650
47153
117164
131494
29839
69616
68364
36901
171166
198439
89720
6544
22392
28004
56751
4867
194240
137326
82190
45373
25763
188642
133431
34229
24182
44322
173548
58413
6939
8961
31081
185270
102980
167062
189574
156032
193546
18273
104181
17734
53136
99816
49091
167154
38036
53440
48509
162150
142725
42022
173109
124164
176871
49659
40831
1921
181338
173017
195187
68681
139561
167954
152336
141346
65335
87880
182704
7497
111715
178852
58644
124784
67996
89081
155796
186541
191455
42602
90266
157659
14509
142338
47899
164825
75553
19062
131486
24029
64153
45691
45232
179613
153681
178978
14678
199462
29101
118295
152578
88197
115289
176627
175086
28974
148527
183317
109116
190060
57881
135225
166575
45114
133902
33447
150439
65250
143255
176236
90780
71059
133743
105032
25129
188716
30630
26584
102924
22332
40261
114349
26208
4252
60023
114477
70855
85448
180980
144374
36326
190667
153442
45829
102503
158113
57283
158060
82292
50887
173160
32232
66255
73715
110615
159559
34672
127137
101154
123409
159805
40614
159655
88646
142927
151497
91686
140404
37115
54374
72521
74065
48549
168879
95385
88714
193918
96063
109349
104268
117918
103237
165061
132735
149413
22615
68681
168001
65272
190784
52191
41635
146034
5858
157526
43613
133177
147924
116807
181636
65544
164876
36056
55416
8931
1679
69150
61636
131837
68786
96308
5624
195220
60221
41140
10647
152030
49630
16779
42754
188494
85554
49538
78893
6874
13581
125881
14286
58981
95222
20428
37438
114466
115884
44402
193984
195464
24141
108128
104617
76580
4927
84265
26570
43574
189170
147797
199098
130165
179423
134486
104645
96652
135977
26818
68067
165096
55295
11409
165397
184768
84557
144429
59898
137404
51384
27246
76307
141146
37229
197251
57121
140522
177796
7818
136313
81009
161794
19178
82529
124944
190100
115734
74384
147928
146691
46214
76527
194173
89693
91103
150819
66833
161339
133261
12197
101653
86415
18936
143628
49910
182015
145720
83432
162583
14034
20284
57239
47696
29488
20088
114102
3400
110133
44907
64152
74828
142052
49212
182256
119663
176975
81924
19603
118981
65062
125115
177653
1965
38091
114439
153927
14285
65729
118174
150581
122136
136161
180098
55810
44898
91274
32790
54491
14312
182716
6582
94905
139727
22713
36917
29757
131980
23903
70027
198833
118818
39056
120128
199148
26468
76184
59418
67445
105816
109120
128501
54960
197440
183654
4295
187896
16528
131239
5112
89484
130508
118531
140802
30522
51430
158400
87787
49780
107961
46502
28876
48215
71599
117456
23543
114149
146142
80933
6427
158183
106550
75314
152585
18024
128359
97589
163578
189659
58906
158860
16239
55521
116357
72168
175873
169786
138307
171384
162004
110761
11129
197179
102626
11316
103045
121163
42835
65399
90480
61944
44540
95048
167908
19421
133303
161903
140417
131073
181138
129815
190422
100514
162243
115097
47461
160400
36156
183286
156645
62835
136530
44409
47097
194663
195078
9998
65100
49773
104485
40040
104004
136006
46905
8397
42735
23516
177435
166320
167088
37342
92728
5953
115577
66462
56138
8192
52770
73008
21950
102869
15739
106377
159937
71904
92154
150956
66484
129845
4534
40324
48990
194743
198289
53029
54784
180224
88622
199405
169074
23681
136309
159171
31124
152150
11169
15281
133997
87478
4180
80647
110396
24748
109667
183655
117636
20993
137648
181024
47638
38610
144410
111254
41353
79814
94942
89199
42565
2254
154235
1500
170085
41925
5730
126182
48851
9651
5634
57856
82184
30608
105387
137051
30526
122518
6676
174712
2919
43362
192961
67681
176248
180884
149665
155545
26191
104769
65569
18052
133290
118922
124995
16740
162791
199707
30139
43767
145106
128799
188001
134936
86588
63074
38001
157236
87542
118029
45916
158454
146802
182969
64682
48240
150046
94668
137638
66576
88579
174797
81324
73767
674
77504
24519
12853
164606
140917
93611
188590
14154
99846
90662
119789
21925
168794
22164
54723
186288
108931
54339
71952
98972
167951
63345
969
112995
141021
116944
44547
46568
186104
168434
125678
41640
19603
132037
144720
45446
188275
3113
49237
134701
60551
55231
108666
139832
23750
121724
143066
25045
71769
183030
88360
169841
46230
68742
122985
6921
57363
80452
59599
117875
50936
124744
145574
110436
56097
47071
80535
62501
123877
42866
96491
38665
107778
69451
192408
68169
150175
107112
98885
26597
50381
141645
172974
88666
130663
123981
62821
91091
45096
77217
17350
173907
30010
52322
146988
58306
170282
121079
53275
13586
111689
5432
110652
102000
129528
161583
133434
3488
131637
109447
144109
70436
15542
133413
59268
42162
184720
81863
30040
13191
14782
173428
122403
104196
50
62073
191204
69230
89564
90973
134850
63177
13755
17176
39314
194409
135420
68685
189992
13072
140667
178595
167244
147388
155290
106021
74842
145130
141193
156844
60320
178842
160086
66983
11687
157026
170098
3336
25653
19817
84242
134272
120475
4087
91800
93588
123107
162919
6415
86159
141551
65871
140497
74805
142482
87481
6927
110056
145806
159023
45244
65128
149317
100824
109655
48158
84666
139921
175216
183488
139812
115555
107431
14150
44508
103372
28808
131684
151833
72054
145244
64227
120933
