58272
194376
96788
986310
340344
107275
991497
486535
528678
165916
84551
878598
318979
652375
771001
84810
85554
661039
969588
317089
31141
712892
428029
564513
239290
221190
382636
305451
442613
245043
817980
526830
194196
650372
864199
813559
577218
885698
104113
766690
63577
714321
240692
9145
196208
592719
965221
556204
418588
341202
781468
864256
268476
640650
245650
909345
798014
265971
549545
555572
884441
934630
191856
432606
101852
530489
615407
118031
154589
380609
309590
748918
194759
556179
946744
731555
401227
839036
662302
790864
503285
622326
195467
450599
517392
430930
70012
89508
978900
30247
545430
962634
756440
446182
135208
828861
26399
648137
279182
841817
714752
629293
903129
930369
740675
396789
511173
381358
754175
480455
304122
181235
518698
803024
531922
144039
213622
937172
539756
262423
65175
539466
977151
359194
565348
621858
410235
221347
964467
257655
72852
262662
150322
449207
935025
653958
481519
490021
44300
788159
938622
621864
338980
97097
514073
79071
741788
403542
936593
201816
33999
779855
481305
905152
321546
994265
419035
484616
338180
386810
604137
256474
439205
785932
854326
104749
898552
82569
574981
375381
892614
792633
816339
15254
544300
132220
169686
844640
364230
482068
81179
17
420088
969029
296967
888713
519564
691410
162419
57710
564389
179098
47519
509315
226715
639663
477677
583822
795992
503048
624127
163685
43184
613927
547938
816670
649148
530477
130501
493805
670148
571380
705917
157836
218669
612162
482553
287230
708713
82051
607409
552502
614053
669294
293808
449983
525536
503748
288266
516461
748314
900766
526072
870018
751790
635964
392748
964547
778159
675749
859661
725160
424402
376943
527716
94518
232221
415599
71582
778453
834820
410182
968122
580011
31180
446318
764095
794742
715079
886554
711212
714516
943300
838872
24237
233716
685727
171556
786937
88891
682224
33717
575439
898967
638550
462216
629547
507585
745976
553083
319242
27456
294897
312561
947568
213654
774415
73876
995432
973264
386767
372106
598214
624302
7686
885611
751580
573470
788095
148519
421601
147442
296730
606563
186627
584215
110653
918777
453191
776071
957678
801895
42979
578158
647525
201308
997271
160935
519615
304612
138664
770621
426640
12786
120855
481404
573757
377757
827285
124493
774848
548590
470894
796799
132928
848241
939905
164268
790831
711452
527914
179836
827786
118245
536401
838434
66731
118462
303244
810901
242432
461457
341897
947462
330440
894630
250605
836540
923071
621924
98161
742327
708256
786779
346577
971750
600607
700415
390221
263882
244213
512031
760125
379265
503178
381643
328520
619961
259561
135127
169686
961873
911850
208590
680366
849973
175069
869823
186572
815906
977705
238604
129329
280051
407783
630508
57999
808785
506259
883414
591609
755281
971566
149231
892687
776724
192310
519154
449564
304334
224320
595098
679928
685022
659966
643696
677562
740866
496933
275955
33519
155534
441977
308975
373058
9802
233041
650931
991669
559114
893481
590996
314863
445531
100695
462978
700605
687739
94430
321603
395680
448393
50401
497790
611265
673736
649910
737972
78067
843448
909271
55536
221168
888210
866275
957062
27591
545072
69846
247593
845932
654473
431585
395984
434090
392114
86123
720567
583748
756597
521631
927609
664905
946809
779416
945450
177920
543989
531947
876706
717395
838485
912306
935445
626194
810690
653492
660936
111539
367456
577739
642240
184513
360533
290267
572159
63687
580157
253295
425737
384589
967588
118361
236149
662780
349586
229276
149487
348991
469752
855294
315849
87725
316682
793761
213911
108345
138012
310406
272690
9482
37399
699893
297108
639547
957823
164371
993025
293914
447387
707029
518825
406749
416147
926889
74015
7139
665955
54334
41299
455035
431488
12020
157437
65353
719795
184143
585961
515060
935559
50499
380875
452719
198904
623939
561270
162484
779875
3387
661935
403272
683926
527734
782757
659537
423787
292862
579360
128470
907528
54648
43111
189325
167684
352267
656543
444876
621389
999881
87757
583135
461308
456834
543945
5293
6064
731746
860524
703434
416651
831730
194272
25907
428845
98450
484672
392498
793734
650677
228726
843328
705782
781162
530186
163757
763108
179732
451065
520388
684522
53832
208698
758224
388377
944407
144678
767694
182496
194044
465838
161797
848872
404898
600389
408701
121487
874429
174113
740524
133302
865806
54619
51035
143047
75217
546962
863889
789499
988254
373126
61385
816488
435489
125124
917107
456376
546911
300538
81359
157692
550450
420393
827600
306004
161953
15749
227571
470977
226424
249350
889033
162697
456483
425374
17669
140607
370187
138222
930140
508411
591764
218038
603513
177162
484811
150583
9730
158252
765864
126033
335117
355380
133554
600152
712041
896093
369752
29199
284472
835274
131010
394711
986169
66787
81851
187161
180655
223631
860149
772389
236114
273939
293758
869108
99083
624346
302421
200263
290507
454250
961217
367904
862477
596978
534751
995499
972438
313441
407437
40345
315256
781361
779154
667157
771743
102258
700877
327767
198561
754228
469836
715742
300958
810935
858381
310216
639978
224505
701353
179128
167278
128032
330382
890781
669655
217449
176376
897563
658945
850632
34404
625783
795976
657086
973609
937382
729170
939363
757102
696256
212175
890275
824544
295191
131992
776188
660134
300562
945236
666514
912044
209435
776347
226846
4145
825427
415376
727814
785556
679708
24215
951483
109377
290092
835350
264917
840575
747953
357693
649638
721288
263817
764472
373741
462627
186940
585787
856577
299119
393293
804160
320717
423276
284500
605661
693024
908670
913964
146973
598829
953014
768420
598511
475055
392109
315217
880222
571444
379022
90113
119595
648833
587624
431575
632993
190621
500114
106238
4131
130460
957366
479540
925557
561951
194593
285311
319799
222989
216277
80790
760260
213264
244878
922890
30701
816842
339874
931123
755884
625599
234585
428246
395686
851116
956942
228662
291052
338612
215174
357612
204977
260700
513996
970755
67543
365462
851162
920091
599558
487964
164763
121553
511757
920262
413776
248638
184090
965941
109710
54216
828898
306956
976767
976364
13270
149146
982491
965903
152704
597247
102484
723666
499292
857742
742210
118357
291686
41140
385690
210552
460365
484095
34650
228524
505252
329732
583275
728364
705119
634669
458061
737806
704447
257743
134404
527205
430711
273158
806895
828241
334516
811959
200259
540837
267516
823243
524072
328489
557576
567545
309244
713468
228064
288967
423659
680474
935083
468980
307258
53134
302966
916946
791718
620738
332479
975022
95072
923730
770652
658443
152525
802260
311567
489649
271131
758857
460380
530408
983628
812813
133495
406195
995790
965418
769388
710141
287160
485375
851177
631189
20300
178430
27190
804984
335896
894614
352645
971339
138498
960029
569528
533176
565837
559423
810568
620025
292982
395166
678430
763530
147555
271534
978067
857235
683121
752382
845600
728527
702115
850433
450553
967807
48981
579940
994963
763196
85177
414543
2908
658658
943126
482600
22267
131561
988805
489897
659868
155753
469752
728730
474999
411925
853890
370668
484267
166017
150458
740870
685318
27676
649124
635785
527708
243196
279264
556645
99925
189960
10005
915585
894113
228046
713260
645542
24002
265088
848809
670942
395538
888701
108921
742630
586388
470187
256638
432382
546505
865112
865253
409382
819235
730800
275505
678304
428195
965198
239308
121364
734008
146002
142306
938817
530450
216355
20731
799203
623687
712119
753830
507183
162813
850886
151753
357282
762453
65394
862718
356537
731671
643031
345718
646047
553794
916949
239148
845312
614081
38319
443738
33188
474111
658562
855111
598749
885578
308875
736160
649872
994914
209969
892229
84330
957469
727742
814641
884061
548791
199672
794377
976470
118724
194508
210462
329097
313282
301616
257286
354660
91278
137508
737195
924681
920836
636921
342913
32490
658854
473430
964491
98758
613018
998648
652737
372337
360386
594533
557581
568202
623637
475248
128369
130810
276346
186471
898637
957922
353351
774115
512233
967720
659327
477127
755960
10985
147901
192953
793782
148692
838050
719813
527625
468710
336312
593328
313618
46529
304627
827631
541622
541050
969457
679595
244188
744267
23304
279579
881248
977965
781888
714446
138044
199981
683605
618119
269828
778509
459746
899758
72963
646122
733870
381568
17904
935021
838598
627272
937771
483610
871895
437037
618836
333936
418248
272643
890547
318233
83482
203453
77810
278001
448977
833508
187370
880526
75699
130725
851814
138166
25309
310402
832058
992284
755084
817839
655147
238540
594570
856749
841528
292000
712219
54087
784172
546092
146200
728996
779027
964143
304956
125656
523496
270876
322508
700877
74553
307851
284751
178380
566787
959408
969294
682865
91814
935724
168714
693001
778559
576134
844784
600382
581973
54794
264152
987853
658492
351595
534393
66069
124234
569569
234719
188564
151310
20563
268530
88241
288240
713699
77022
17127
614888
367905
33413
77612
626999
66920
120830
202568
580817
862667
780415
32811
343410
23101
610054
556480
248611
707879
776091
976915
814412
4086
481309
461345
972636
832218
728798
262286
406419
14774
496297
115813
512532
538416
282978
219350
308913
921447
925955
276728
772493
286845
614146
602520
764921
377342
975993
461226
442991
162992
145419
705024
208775
745405
133383
610473
777317
174383
220523
513112
710196
688256
992701
415595
224476
247427
688983
747245
377112
460036
345756
109430
774185
328910
645904
800499
510560
769819
982927
692793
164108
583041
167744
669516
555379
178401
146116
502236
759309
935519
844433
135317
25073
46744
569438
826334
899198
969436
529954
824504
948559
679905
615416
402320
935367
56319
441703
645677
59245
714460
143960
341188
534794
279856
337163
58083
894377
221706
99825
856242
984757
142035
252157
40048
505135
787291
315637
98825
428065
675343
292827
565522
245030
847329
862369
30496
958879
653227
349464
589983
19027
799879
670211
394288
118383
40615
869020
865759
993406
891560
667056
228548
176922
573637
278021
154900
416910
725378
378115
244630
328131
700896
731641
538518
82019
263382
561606
634479
665034
145238
90872
931219
88841
942319
633988
422144
69141
329972
999842
867598
976384
81276
725089
855774
305891
467045
703688
881222
429004
977336
640017
326333
488214
907552
914435
663636
571353
765328
622416
312598
439756
631560
182604
308368
187834
927702
531179
137900
386676
514519
917654
37700
847754
204422
15726
120162
368421
104906
167083
264215
146230
23473
987339
680139
176822
277856
671739
736364
708755
702480
955001
834682
721905
182599
578938
387030
771152
901493
115606
414776
373593
878473
59135
948199
150680
747000
347433
550844
87683
410747
414320
542103
502280
78550
152346
6811
373626
88307
667872
404742
685850
154437
400471
669143
168390
431101
260366
616239
231447
881457
964065
568179
930510
226478
322516
390162
584590
369209
536295
536221
158053
453154
717694
104555
38237
497893
78298
468749
215564
791915
21654
676641
76073
358407
741580
913810
351804
617324
763219
900820
241698
9790
815831
673286
642023
829557
499822
736448
432433
415211
84435
269720
857006
261289
915108
992375
333566
594591
59854
111428
961162
677579
13580
259952
225985
256229
198581
229254
268547
937940
315505
190368
238707
125660
991305
47141
665913
518261
828689
733408
838548
955070
871308
956102
218449
193628
342542
80187
262140
664677
630914
991763
356550
660395
178744
141799
933726
221533
369675
199932
709398
749402
902161
169128
342310
252264
270535
293427
211532
758348
974660
911738
733254
619801
618213
319004
597687
991590
907031
366550
72080
252665
898265
610327
3191
437710
522986
317713
576007
820440
448287
841345
24921
192485
427688
983592
962787
977267
279165
728256
349869
512529
743763
730998
355366
82306
124506
482782
112410
824434
220603
470316
785034
344262
186283
985615
651412
599683
50405
783935
396162
189263
561666
175219
439842
336102
888704
484587
965317
588864
234932
298023
299951
838506
792264
189544
85368
894655
702308
233123
367687
891419
207684
479215
624637
586133
445919
618890
509275
740194
819532
901129
888740
859396
214512
73389
64746
936670
721082
670692
674526
105148
60991
933325
274374
19264
299831
47166
813723
524918
396334
132473
236239
526656
264969
881985
563396
785711
699466
383556
586924
649074
628803
751639
989330
745983
89397
587984
998768
306884
941035
912665
23511
379022
590086
627815
318877
667120
731263
220754
11627
97485
523791
555438
235103
983130
838477
797654
608039
368737
924110
824979
738102
969936
836188
719247
202674
484765
310102
46702
797246
359699
543836
957665
585186
28008
860520
119082
757171
821978
752525
635371
855814
489732
875049
703053
594065
507424
590892
265786
932368
697359
910993
941225
19636
309354
317986
82132
156939
17991
174695
691414
905145
127683
567668
781444
529032
243916
176479
213198
523608
126517
761320
864631
590202
76749
367757
516012
437845
715430
591973
832741
322815
377220
448665
99934
330844
920752
771401
169036
490299
67462
363574
98494
655324
268957
113047
619344
370091
377062
690226
484199
953737
733135
289650
888460
75137
821226
161260
128289
92472
385147
584968
40607
499422
423400
713736
958323
557621
863240
218465
126128
993013
980042
477048
928472
522956
567541
456929
23868
270287
513391
590066
310916
29071
725668
686626
579034
682719
166563
659422
803138
428215
934897
70014
488222
340217
865730
952214
239813
703771
73441
563817
395995
688249
35718
233477
810646
692098
546377
282395
372747
505505
307180
743081
969501
569685
576454
352292
362836
111084
929822
337939
607024
111953
955846
746315
406659
132218
529737
247088
122712
1653
277652
479285
686211
649489
879326
326414
870998
384244
777332
320768
389708
671861
424889
874697
944940
537778
199081
256034
359410
868824
654450
509847
286883
361176
32949
412491
729230
579521
114551
540678
583004
259118
124497
569866
513630
493281
254974
249576
979247
401596
706967
230732
966238
325525
992038
242314
121842
508353
756699
630559
727970
33042
209940
647969
593444
864636
869212
847972
826853
229553
520424
665658
389539
476335
591511
72964
121084
379450
315707
396692
360334
684753
12984
899845
648981
20567
31743
706324
971604
551795
939946
118667
336517
43099
375349
446018
913020
261141
349035
719876
24758
162744
254604
626217
516311
980364
978889
915760
997843
847745
288629
936715
977102
643648
890441
540389
236494
905263
528289
867548
787354
869112
332205
510855
179760
741459
809663
464264
873494
661098
553442
652642
337407
733046
137689
406303
383992
255586
44513
52127
445188
311051
312066
671972
40743
367669
980134
830783
674402
916111
897483
619945
89795
147787
138635
269526
469446
494009
160891
112449
3990
7602
39543
708738
877238
372996
49747
642544
640354
816852
103132
173224
693618
865545
409339
745802
457000
853573
103258
712646
810413
502086
89093
869199
349612
684027
740782
255312
619416
936480
150147
502976
115102
298641
70721
694918
482765
266958
167302
129190
157808
974941
117903
981211
484844
472796
907968
805512
307042
644282
812445
931575
145411
838869
284312
5507
295916
123805
921148
946701
49229
832007
452028
849712
856557
31705
883615
870923
701579
417786
925752
943167
104716
47810
431844
743581
549436
717854
403646
928165
642104
171436
365548
172947
363675
750363
673670
665651
565057
360638
104721
298757
161909
938864
97553
191596
94902
427018
856997
568361
108363
804394
753291
209668
306458
433045
81372
463360
835519
569237
716224
472023
571555
9431
973390
439399
281723
333343
861547
337501
547626
268663
516799
765888
973534
501765
966704
623058
186653
787764
870363
442004
192308
390936
248022
28414
468817
935733
822098
430644
681039
892217
208636
759265
279605
377479
964308
521227
161926
4643
319830
798418
37646
427646
714420
267463
133661
632624
119019
812764
11418
562314
515306
668060
771243
652827
32282
702793
165103
359656
245336
582322
722882
67695
538611
539046
87621
114326
42952
910455
687462
484959
14180
240216
832002
297134
905873
118630
953273
745123
571818
341408
430398
170848
447202
80764
326051
712424
776477
984409
840038
892814
713539
251624
299574
476477
818962
726682
859214
7689
1794
992788
214646
578236
4075
591471
920926
75967
29199
208756
761109
802855
702098
13947
778603
775302
240178
550792
729682
951664
904589
716444
125708
502301
206317
956613
951557
173978
331706
160055
573073
380745
250630
417950
244752
129677
611367
554950
754628
665851
434632
888583
878442
78438
749069
999012
246906
433641
298838
566568
746517
571758
617556
591434
245155
718552
13210
48045
629707
104047
215429
14095
183347
998549
632097
954210
493064
696579
59616
207166
672924
323651
635063
697244
140396
22748
604092
863710
622160
398336
411273
144210
33750
679158
958385
310991
312242
182178
876455
237910
13494
216092
253245
784862
898377
168991
936214
394460
510376
763728
794019
792952
601550
590388
254592
141471
268226
100085
872663
627775
961562
124388
267359
311938
300998
230759
993109
952601
992298
833374
145463
640641
686063
261398
463802
485656
305881
136203
474736
280354
827735
972447
567707
585983
113077
657693
886775
971844
193061
909322
593331
113007
148761
783140
198622
410238
40290
144019
203424
736810
41409
252584
483224
326310
30671
486435
233303
242283
343295
989761
741127
818053
172738
378608
402072
382108
392430
241536
473306
493406
418751
175595
853857
566516
942716
695469
29024
764070
473624
310005
625187
956864
860026
549475
824321
767793
582824
685056
24162
761771
625001
962175
992144
847955
822181
42338
821237
286540
103183
61067
287716
310887
36621
172286
177508
802673
357190
343209
470001
675237
426096
57650
726841
172555
666597
78009
363233
714721
7280
935885
230750
835661
980085
616152
417863
826679
393266
981913
399234
401809
914389
701022
128014
251788
34455
450849
150127
942240
384287
86200
986054
551304
820800
308075
961292
109669
16616
120541
407023
563656
505397
460385
514898
66701
385915
162630
280833
983120
186761
839956
25240
23104
499807
563412
685428
753955
432364
818152
612665
151532
540885
1108
787969
422794
896319
716171
989981
270821
826076
962766
724441
27298
761803
318857
670909
339141
810644
750907
331809
549772
413727
885201
372941
922096
860040
904139
858611
975505
482121
648895
97634
585669
708230
838116
280937
221418
348847
26643
288980
22164
63362
778300
836951
354221
534353
810737
451479
734503
310569
823851
745947
933768
922759
985480
949065
326956
864242
864760
488904
408725
414117
822672
199670
79682
563115
957877
85624
942117
722628
976747
252007
435650
547281
8908
752190
70331
155176
570091
897237
141674
25663
258268
164721
171551
527635
328761
49401
781960
608922
773502
948382
50787
344640
19635
312186
907990
65421
509609
370781
782486
785382
455402
873811
558676
623180
653698
923271
748161
658370
756981
568600
652354
718441
863836
277846
271443
34364
710476
747374
414643
567977
383615
594596
195843
273870
770404
572445
255185
355034
409315
757422
36215
168973
355994
638048
819362
355837
706664
396253
589041
513446
588528
969040
730433
959328
210676
962516
952798
677549
53048
501083
493902
815198
912371
840036
701434
122948
633891
104069
318241
885386
770946
429027
258756
556947
156544
984839
760858
965937
210508
854604
55909
368741
221369
467440
79459
876817
157392
363281
98307
172206
639091
858212
171836
587061
397452
913076
691799
328411
263470
761321
240573
428385
5303
540074
475090
513436
973243
833029
372708
962573
424212
381855
84964
278179
20432
521127
874332
618064
493494
261085
404149
748406
919575
115281
512354
548855
186949
60843
512469
615349
693592
21090
218098
970818
731000
56902
729506
279588
601928
775062
549465
944533
397907
35194
629531
21328
441214
224470
597864
915079
713113
866449
670892
13768
975173
21363
452617
631817
100703
336510
54960
402365
750513
418887
885602
199635
550421
546607
459344
377850
439551
369803
544633
684271
999881
237666
596591
549898
463373
137730
4773
159761
62133
176278
486115
155987
917698
923795
424666
448200
302495
939450
792658
453733
814168
778987
634578
515366
146638
652558
546549
916791
967403
86038
480927
451420
932158
172887
266715
113280
469500
737097
15083
322875
656611
238600
527021
450019
220913
562740
360656
661592
141737
691705
333366
628076
155858
548362
729392
976145
654891
785087
215747
777259
201192
902844
856984
809369
911418
334109
495678
567056
590083
166070
403169
891107
778036
364364
182495
390007
275964
706113
680121
759110
563958
309068
260927
963379
454868
352764
647731
532315
725470
475566
775243
742592
538757
950717
998981
150326
773463
460146
117242
633250
853320
962721
936961
658776
857581
125402
352707
388135
107427
801725
152822
204911
480743
258728
797732
366241
971988
95556
798571
506411
56829
951089
479417
886035
451791
432953
773915
911318
457287
818698
373054
188164
36566
805423
507687
596504
971239
758544
233655
433968
942784
238305
171363
401199
335441
640700
79480
105785
55377
933584
793011
801962
151031
206834
448326
151358
848987
847420
362255
937492
749668
591296
16110
464235
407204
628350
6589
567689
189740
32444
43794
258771
24433
729130
181400
969128
676261
227850
942139
751305
146935
631764
271923
34350
266856
632756
569382
155916
92109
526730
663818
199010
90305
148506
255192
596394
363096
576481
562656
217077
950608
399663
592721
548227
779486
758746
472116
163044
31756
3021
29730
975550
758513
511381
863952
637212
76216
367380
421919
715675
61816
182617
675084
883119
468319
967259
87972
728344
912750
999968
820064
432681
595607
642992
696790
956042
856676
503971
376366
744646
555823
248165
827858
758487
465453
39735
294495
981189
295159
170332
486872
564497
240019
270391
219416
115682
387199
100356
842900
342158
345930
612347
744527
456935
754920
662645
969043
16759
466687
762745
209461
261538
71953
465131
578767
706525
917608
884760
725249
813880
707489
374341
128636
35073
741402
921244
909031
569828
440829
528103
890868
449989
137956
258750
494863
52243
374126
804013
974694
663612
145040
362687
546858
212666
278037
945305
362592
141561
664101
841779
492910
830004
478164
458807
465139
616754
636220
51796
921808
904149
723081
703641
22925
397858
487148
338969
345105
12196
927747
622665
402483
604910
78574
464738
288208
305528
197739
956253
282278
238180
75163
470810
596624
113144
759541
232699
446104
762223
100280
747628
166240
374757
433627
796107
148409
942013
181996
944363
910806
561679
417379
499305
680099
559612
283920
72344
646039
19244
437517
58840
321606
935957
319899
329305
997104
87770
853759
932310
675910
349678
129687
894802
469353
437201
674926
904004
987466
157462
252332
261728
322594
96195
521763
158950
540664
41219
652075
186970
373414
845814
557970
125056
835915
247700
56627
110540
434149
39759
467596
702557
389671
976157
476344
438448
189532
75632
900424
432273
754646
33070
392614
941219
343712
671081
191497
418175
703897
595538
526342
885537
179106
376368
650995
421888
437515
437864
439465
673465
998168
997402
257071
150553
28185
946580
447017
872478
420541
184377
710161
566408
231982
558886
164137
2275
538970
405883
592092
330631
597381
83589
242036
608876
898553
427213
459263
178980
719839
994666
310491
425927
713121
902980
978097
929127
361884
511301
637113
762704
315130
796549
35566
794929
159427
227519
620803
371701
225762
301230
232605
402254
382680
49928
442025
913133
960371
789576
560736
162344
625459
217458
733281
478922
529873
839351
893554
760259
792661
106820
196095
358905
563402
888582
462208
904578
58591
821994
865682
636476
306174
244310
808018
185228
862307
515922
435439
664184
509415
460882
6462
638663
312228
677744
915767
686171
444929
998605
28041
627555
670531
51746
169843
607343
710568
238899
964583
490470
864160
486465
508289
213324
895860
275304
396384
934734
989947
700416
393947
60374
166658
384592
549639
322314
510732
945767
464811
785752
775460
447599
409441
910825
852610
376714
123931
985017
285709
320226
69359
428456
90616
636562
21512
147702
812018
581270
101900
619540
622878
16767
51925
169734
903912
737222
725507
794041
190199
158557
959329
421776
735125
243094
276410
72850
100392
8119
675447
365673
122408
635206
869604
307456
612275
270838
188447
994481
90413
77108
887054
546592
436268
620950
661914
160067
134441
928910
946905
587394
37457
28479
778478
47072
716722
316221
974486
998259
897116
648153
278297
439680
969614
301178
479357
860255
261932
738452
688431
830628
297479
514982
939732
68511
259382
505938
193938
647859
244944
227638
141920
205447
170957
386152
800384
443094
965354
680900
549711
386819
578284
609589
91713
991255
240826
747076
974032
31937
663297
225252
543257
471888
555389
922880
156699
996004
773852
234066
661897
360141
776811
700583
718315
7163
936800
699919
421262
860549
9243
982033
519049
664751
943926
354699
299755
516064
22149
141443
531899
334250
43022
38716
87342
732537
648131
520777
554671
965046
692867
177497
307087
558274
402603
336364
836285
269647
931998
89103
600302
408528
658802
542958
834133
118407
927324
711098
603493
351849
99589
231152
976850
699172
498825
293193
961102
803593
587463
776437
122315
108855
269848
602154
688125
474588
428757
134776
423148
948110
933423
342410
105866
813370
231602
44527
413616
803777
672309
614303
669670
348574
377960
787982
187998
110968
259819
305274
313725
36046
538426
715921
767087
52233
403816
982723
365095
980465
451227
547186
89001
988358
775510
921610
779660
252651
583797
599663
627511
292341
688729
36524
332276
717627
395319
582866
929062
825968
322011
324655
929267
903622
99027
968852
446093
190084
506880
485514
685878
733981
97526
389576
395261
543278
702521
325665
175051
554783
497461
875284
665102
384208
351958
151033
689069
221772
683034
640911
920755
395520
519218
709392
809905
728711
509999
447049
732000
853442
410765
711759
815123
294632
118628
794936
330774
685149
117951
958602
204363
57711
900514
100437
284214
313525
643330
323369
19620
981961
556602
691712
267686
397853
128003
608874
169224
873526
169119
881866
740546
749719
31188
392515
610322
868366
670164
234212
432214
910969
531212
509036
760782
761419
291804
849720
500189
787588
403736
893242
478985
79830
393177
245639
494562
137432
922618
577893
14053
305679
651492
289646
679528
713973
425364
474537
983811
118909
869610
432406
258536
852302
302903
615906
228702
661424
744588
447801
256110
477845
915808
546896
903063
416770
205447
368430
250592
405255
303210
97233
191159
444496
314811
677963
588377
426594
413615
605692
524863
172076
563106
391315
66591
364250
338382
297821
112959
598537
14729
301522
964548
545455
813543
17476
868634
611994
371774
239820
294795
710605
35147
770216
72650
277614
224135
771678
630652
412754
380002
915255
575739
93286
872644
111500
67419
455202
258862
693503
669109
707530
2773
540089
916246
27693
160786
135062
577068
429726
44030
979000
666065
679619
729963
283895
298787
119395
483034
310499
965387
794875
708811
607046
364333
895521
891057
219729
952208
477381
966396
473781
505891
772414
155326
181601
316571
346822
496364
384427
498665
354495
660853
926782
20983
87438
892031
105466
818364
620647
833571
239604
312427
452418
724264
688553
815882
900088
486545
420943
269801
510840
895393
56255
235187
505102
509504
888836
241415
99442
103910
921085
554029
494610
936220
651855
325112
593661
922917
454677
914399
106448
98530
166227
795848
383187
327713
334207
186383
721211
352194
88502
706167
257955
979742
617392
647282
881983
451087
252616
43948
13497
98788
267117
677459
22717
374331
87901
450249
429458
164407
380700
358646
68664
416051
81814
703909
277508
390971
9842
699902
881637
578506
481426
507550
879640
488243
533830
170578
782973
545972
632590
876632
48289
905085
740237
598040
500961
591217
225916
825655
277543
148872
183357
664023
712851
554660
133336
684565
403706
422280
238609
204286
188342
451135
405343
146910
71120
227580
944423
17170
378927
28077
210709
213915
873858
710097
435929
371713
539230
229637
932333
480695
842245
69767
766628
362592
172373
747641
749762
506375
529877
896806
999431
704199
313445
121968
148385
507563
203987
641373
583560
431880
502595
260816
368
826847
463387
710363
839469
132361
708276
905504
574109
67198
599212
19813
484162
532524
572205
317849
227802
137225
379340
602431
478985
571493
571904
883766
299850
424433
999695
59303
805086
206344
462268
87955
577407
764948
134388
318372
47412
824310
758093
750499
518100
336526
371258
797585
527611
263089
877642
517113
786151
291767
251562
215501
450326
797931
687578
481003
195116
37685
288296
191583
281674
850360
327021
546217
187776
374556
398589
378691
687868
158844
941979
315313
109662
300101
23533
689062
817104
753084
648392
531060
551360
136754
297793
644950
227126
605783
195375
887517
179684
264437
278185
321427
461046
641821
803448
288484
49909
647219
401545
809732
640994
866983
955720
307967
404618
765501
416904
581829
822348
139021
182344
306338
283809
935068
839452
871234
854971
922960
577428
131583
259605
158577
34762
285474
731067
41858
562858
34061
655235
684082
671657
156642
952532
37908
815799
923907
513098
732300
100399
947597
54160
68161
412395
963965
93962
519713
622229
944847
837550
361632
267435
80662
99083
367939
538766
954147
589323
326438
878677
780182
471485
959473
315145
939542
297739
480468
16632
792716
776784
789240
894271
669496
844656
839126
556442
68472
872282
664218
566061
201987
24834
369249
77960
189745
403892
295446
827355
860497
635459
333391
448747
23418
87255
389155
83015
190168
909790
504585
84678
361404
864033
615165
473447
305053
251199
667820
903636
164710
111531
531439
334186
805960
166900
152793
270860
853329
447126
57254
733292
428330
226831
926898
360928
533807
214716
426252
278252
798302
808176
766489
1405
698498
710045
738390
525567
104271
927718
863782
413973
78464
270112
567885
858798
295418
825198
546484
863088
675908
166242
553447
537068
725474
137333
669364
476335
664547
526961
730695
155126
764037
654172
952748
75821
294388
937245
703430
781005
454671
349149
368813
564598
113124
525105
898426
30187
199968
581134
288998
527517
336532
299695
101140
829316
369263
73362
172707
682873
641635
540944
692743
109227
1720
208580
492687
395813
805833
101859
292664
308338
745878
806422
234229
135110
925901
99745
70298
767024
160510
777571
992636
167625
806861
142723
567216
106701
847223
858556
583586
493628
139559
925672
854343
839126
922633
303317
21864
610362
133357
384838
844042
791867
466298
454706
504633
235973
823417
226722
612193
938823
679300
452137
684810
812303
224760
374420
820264
774335
916328
456094
105666
908743
816519
419606
735096
526538
97365
842004
746995
238392
568114
698283
87586
969426
839615
458207
553679
839995
308157
975618
941373
791384
103136
638471
48151
600219
1618
439843
21226
159391
965026
120417
858536
862831
46052
49854
670924
117860
727545
866218
734996
715971
795376
395509
673769
829065
257049
365140
267922
238525
659682
803995
668802
199848
71698
140810
243454
106819
476542
605342
561014
789353
957649
902897
76424
593651
49843
765750
391773
111358
889252
778667
190168
541954
773878
768420
18512
754221
409606
667629
22462
422457
110201
814333
615524
998080
478704
802997
647558
575274
948949
966449
609362
117038
505177
786598
983758
337126
824718
424223
229197
344802
984664
633402
197375
638575
28922
766491
85419
602795
390185
993413
682015
622718
329568
229638
952898
672098
447678
54780
850171
634470
194359
505925
60794
25685
413778
336484
956236
432632
944595
639439
945728
913504
969890
52287
706656
292051
739598
954579
325906
576446
750691
199758
358242
681103
421585
850037
981379
137006
909764
478258
501888
397854
35360
805766
413146
993305
817050
833049
903244
424276
670116
91277
371533
603340
663980
127728
84697
524217
202516
652251
226892
995957
121952
740718
308438
160355
677180
980328
291442
246451
9142
836734
924961
797966
906019
830383
696139
864231
692214
340075
396151
7137
869924
705394
140452
85037
598348
401564
965703
740136
656686
997510
181420
668706
151408
568536
166939
175043
334874
619521
878642
143774
641360
774818
590407
187211
787622
58629
332560
598020
788217
325176
400506
525757
39519
717726
609630
670240
154619
402664
922199
480299
679272
820815
408264
1137
7643
760838
864288
490576
224390
145719
243137
752667
93781
925600
337624
765696
615369
518267
518006
39784
69502
494595
487525
629340
446047
983398
570305
449478
957049
64189
584517
559587
883931
419109
113658
496183
637010
70999
685748
515215
205384
888325
212420
77394
11694
996498
962740
980245
518674
469170
787381
438761
385571
604418
88168
628493
682662
204545
288395
575366
574538
977101
229201
770352
525609
116257
46772
178646
65245
526482
77152
562631
690696
897551
956828
305589
775999
483149
802563
54215
122074
388359
808450
537561
885274
378061
311308
360303
589230
491036
657237
569706
191418
1106
533037
768781
331009
322358
962807
688804
51517
810421
994531
588483
116633
340255
868248
688676
235638
972552
483916
822053
564830
450364
193591
156784
135928
8818
840105
827174
175607
139200
589244
490340
286380
743280
618180
230538
924956
59930
723825
124843
561259
292478
347237
840434
469929
360303
995354
520774
148547
514009
140493
209502
549058
818791
872680
712875
661142
940704
926563
874989
644551
672570
823846
706959
271923
967523
105193
728134
468272
710382
442719
724104
131398
544477
503591
58252
945208
276473
779089
990094
287280
530924
63882
584835
467126
744999
542976
489972
12091
507856
885379
814934
551508
319504
80640
310654
46759
158348
700515
830875
640621
955992
356629
288803
783608
386179
553286
221543
728134
576775
790156
445686
716913
307473
196063
733046
681735
24979
970728
273794
936447
229412
285095
506226
208717
1376
470774
486562
670346
328610
908145
416937
669525
434015
632188
273912
443796
680808
726184
432920
483021
191210
772605
61820
511260
272508
906834
339961
635650
26916
560519
564663
767655
480656
842521
906550
885425
17113
613305
957274
983720
576621
28642
136241
373325
153898
472407
319177
198080
546226
633348
459479
980824
954451
142856
698357
892782
242560
892503
813726
806058
578760
965334
386717
665641
649193
797979
346307
647556
238414
643590
938213
266138
77323
612852
936764
596687
277491
142351
313560
172297
931414
863957
162344
643950
60081
805510
991586
615444
11176
547830
100334
297401
357572
457936
394324
879561
583221
29
118043
58017
875140
107373
397891
274847
398740
113799
579592
232663
763204
761112
280467
924678
597776
178038
274928
980941
313491
410691
429217
911579
94666
814989
935086
388415
633662
957928
105967
643099
659428
444699
29818
541334
347613
265551
618320
462615
439713
984318
564160
842459
662010
468927
214926
648229
795205
935960
107297
384542
409260
555039
335416
711651
879947
93675
701275
119744
418364
808678
185537
946722
294131
656897
468898
734900
983788
502763
192420
79787
763988
794608
405220
356476
127216
114064
270766
701407
743913
244391
253902
450359
382009
403971
948824
515010
63080
15378
380834
23252
772986
422372
323375
510369
569786
799860
55949
981448
709607
4607
980714
186572
335922
553436
937015
917260
946222
8466
929390
818573
51591
288424
426356
529113
56626
651847
497775
252017
785040
358828
697400
776899
92146
64842
684994
750028
847653
765764
127010
400141
9488
757546
752224
728536
70832
931399
498018
857430
381063
601233
228428
959891
158109
859114
858951
356612
826010
472370
57728
825625
289184
655974
470804
906251
683886
817424
76614
553737
251875
259446
743259
555880
872768
650536
445521
186163
950579
17463
288137
550652
71713
754157
917632
984947
113221
771482
691262
825447
397999
278850
213073
266474
883062
648925
883316
327624
614701
888735
382946
265407
758513
320477
186709
369257
438045
305005
643478
70340
325680
111539
701646
728229
132758
374001
353202
651826
731311
467682
106842
989376
635759
973553
333907
974517
895937
694243
206708
946473
365830
59865
737126
265814
784646
924669
184799
867978
758095
429079
540046
899018
689082
179115
313510
329648
640250
805164
557277
772457
46526
775458
938829
464774
302123
72499
37015
936118
630399
680191
695363
81455
918850
873639
544100
977719
573739
435476
817331
194050
643079
726683
239603
8200
581888
697533
626195
396888
42338
518563
909558
855978
556512
22381
738341
30653
592778
950949
588599
738208
738834
990512
171293
617986
384830
244960
571243
165820
112700
516453
40068
279354
532975
832399
810962
202061
555937
666447
330841
598189
985949
91057
6000
26641
668344
719228
290796
336729
78749
302065
525115
602044
63329
295370
182611
923974
24566
405032
556328
886339
856746
51956
684432
281900
265250
68176
470172
168286
174290
806048
805701
131008
469663
709920
688550
293574
156396
219060
393637
832752
648796
362257
977333
617694
185390
492342
144342
563702
184428
525591
574019
36552
359311
436510
335670
631723
805881
863795
851445
865903
323985
536124
249603
757724
259520
58402
854997
695475
930097
53151
147273
894867
407224
387272
184742
210556
543766
751804
591344
477274
461192
149091
771184
616528
316458
223356
905740
575427
352290
818727
610457
442341
548462
70176
701591
411955
797227
656652
819062
689965
802946
40017
184541
598125
426989
381186
110187
867396
231136
723256
690304
218840
6253
968459
334267
857188
253870
588055
275699
355440
20262
903639
196952
859667
301092
594275
269780
683383
454049
661016
281693
126941
451467
294803
329915
843540
983750
138052
564726
377459
611957
318102
649494
214722
671574
433021
987702
867729
265456
662742
43360
187526
340050
74562
387975
454561
438533
728390
824519
85637
561211
575322
794275
209217
432393
117761
868483
406476
549374
144000
662998
265089
582848
275054
993785
702334
364724
200434
916098
375303
165926
891158
518180
871031
827706
996936
268346
744919
737902
802902
67600
371407
308471
154294
218615
183072
377083
620687
262575
949392
735450
205126
243554
706893
748108
363539
61378
580352
582213
667470
600889
910060
617900
722854
391928
908346
553670
35410
614867
86157
462641
89026
126819
272287
612194
105465
575620
583515
811794
507445
579191
458528
936289
873768
987081
776
662093
726757
698890
665272
508145
911160
721810
342177
885789
297007
247312
262472
136348
485614
10801
587126
885685
662311
868345
140500
502626
802214
905815
654679
470795
518459
714031
372866
819290
334113
161415
369456
51998
845491
960110
902571
112337
132142
520712
498966
823037
426557
338375
689292
587258
169848
490772
491725
127795
362000
529790
908740
403253
739639
116923
529355
17545
216384
144251
728678
206706
327088
333127
572334
994195
628139
985154
148906
581564
22264
727981
491022
533268
251515
171775
278090
808448
202211
973016
402345
239736
401928
950951
954189
600649
651035
160844
523051
76150
878114
309710
799405
599069
879360
81591
614760
15997
313133
110603
630256
127841
803325
505485
418324
324856
173662
777321
134116
371877
112329
278214
117135
67486
10847
931491
496897
38000
592788
471344
325607
242524
956418
722534
450085
648908
867258
326723
98094
52856
836501
151555
242482
417133
641731
360234
33796
103178
658200
315611
962180
242708
908841
820383
117402
37030
238013
826153
256647
168202
62058
332131
467541
633796
921620
824122
302985
332063
389596
348373
607018
265732
782023
51932
173344
868193
391115
882212
24763
360859
674428
31163
893516
213081
8383
565813
389587
900855
672438
247053
658275
481521
909471
304835
441218
537471
500644
109527
378129
826226
450949
827369
257172
844369
82742
894823
636105
161459
714736
953219
989760
613582
75813
616939
999176
110998
535700
673875
114473
263020
684098
964021
681768
213286
599528
840618
330982
241624
408090
499325
678100
163017
396483
108627
817803
484120
517976
539260
992735
799178
960778
659030
736113
492169
460509
895356
608699
382033
880274
800592
524795
364656
599713
519150
582555
112439
766956
489033
589332
337042
453534
219359
454455
750635
508509
969943
207548
502208
131383
191149
759742
198721
937097
484828
222426
707567
312306
982954
513760
874900
181696
759093
982407
808781
799007
600602
380144
196356
148885
953279
210125
254177
404704
251749
849842
162768
168550
343887
985724
889351
55304
532507
864692
345484
771956
672529
316741
10121
876484
889834
795401
346470
678737
621800
743597
941991
276194
11214
878876
743981
265308
921980
302159
524723
640167
729837
299557
637706
40130
869306
806268
733477
483155
737877
90000
24115
606389
787488
791154
189115
704234
100657
451621
155817
450580
987264
980463
132231
13323
420884
321661
840060
373304
805846
491138
144075
577793
991547
470282
651374
832073
101173
595247
613661
128234
762511
17820
253459
591359
415856
960794
72425
346505
163013
22007
626990
272344
500326
456444
650468
798520
334484
126559
435619
566675
34596
719562
565987
45527
902443
454137
167753
168365
691348
616415
994135
680953
487300
506733
411607
892073
232172
638396
96924
104577
392157
652846
910677
811641
256642
355181
549932
640407
320848
638234
597377
478929
970004
958244
556734
328374
626931
562418
267046
160262
914105
158071
858497
153342
185415
412468
822950
640874
884363
918377
562941
251585
105796
214908
549220
940835
227410
63578
887682
512586
250899
591240
734129
296469
792539
941319
794137
507789
455704
559606
866393
617641
643733
650983
251996
631730
490726
104866
468283
884810
903347
44887
509747
610385
443217
131347
655955
984329
988896
653417
509827
773279
585133
608542
884267
603443
756403
781778
238647
533728
243407
981093
639823
42869
895300
959118
542743
841486
354979
586485
236248
180268
256357
148617
33210
329186
66953
464937
59301
750399
4834
348379
872321
697490
459390
846173
245199
290068
360881
70453
302224
103078
933336
815926
840813
735914
580909
37344
961615
917456
505580
461400
692690
80455
808002
319154
767646
763658
925468
655895
444111
615279
365929
986130
792251
146368
203611
468201
249974
954946
324068
665544
404722
236034
302939
299727
347312
334398
670668
536474
707587
537016
485815
625895
666613
241588
420181
858614
158381
557016
932020
667947
260775
209912
174064
463015
547036
236972
427938
250450
76788
495778
815275
992568
298240
481304
218491
323849
416211
940475
74287
589640
398027
641972
703458
120392
890145
227492
52598
28184
981376
420553
990926
643993
805194
847018
218706
152928
351254
770664
645386
210460
2463
104031
491879
815670
158038
317420
111103
562972
296250
571941
801589
397309
6605
407509
198112
803668
615622
466395
513019
885485
373246
461283
557435
204759
829085
86412
412321
604493
712652
418223
473322
331401
418818
769369
878826
615158
636290
54995
209135
175072
17185
322580
26728
775946
239873
411810
420667
245021
435431
166925
726139
120729
308211
721982
610154
895719
851829
110470
783610
591822
171195
309808
192174
16067
240562
99311
943218
872560
173286
150114
640998
661092
886852
258768
276991
987515
597363
997499
89533
741814
698615
367029
60693
19521
686764
331759
110787
547861
4725
575839
560193
548810
453576
470300
628658
392985
565348
384019
433690
788943
399403
616017
435081
581847
103600
428088
815567
77632
746214
544561
283548
607024
847015
659325
309346
144071
364443
589855
176722
729184
57209
57703
268250
240363
456484
947740
488665
886879
27961
515772
670869
392142
953564
862792
824072
617751
732131
144488
442783
809524
340917
787392
177310
38697
702466
701947
913695
560352
296185
591466
782179
342747
940190
54390
488844
159501
569876
172717
297616
44241
673294
123855
936653
179399
382595
658934
733669
512766
545563
285444
787456
169834
634673
359005
822189
552540
216101
594668
414780
503181
115641
347458
77563
315993
629548
436178
861379
713892
20140
125638
552093
710032
171617
21401
440985
63443
608353
402211
587683
608583
682198
503233
735240
795110
865665
304597
909130
840412
471045
750906
932058
342641
95245
100924
509337
216562
96797
749495
54204
566476
331229
197099
311433
235494
471446
740418
895578
323165
524032
240488
806123
307371
986203
895623
288838
158929
315031
424524
115911
353479
916111
724266
515631
51083
442448
636430
791960
702783
912548
170211
375913
153825
660088
236592
225401
194360
383150
146247
736117
385956
48487
421817
6287
282808
424747
263529
654846
575415
112715
238524
117205
32781
310832
558537
864046
639309
975311
81397
883123
182647
70988
127278
141186
253748
60496
518428
495855
934872
960211
457183
327174
619157
993364
855576
306170
442819
945499
396202
810931
196502
565503
726939
523207
606430
940985
535999
459294
659235
798510
858603
114707
37862
887033
904293
910086
830042
859278
966564
518128
883706
811773
184705
259464
724304
95067
836619
449867
578509
779502
701760
81240
398427
488975
48389
539063
399771
250800
654126
210538
957415
719413
311030
177326
155741
550598
619678
575398
623455
203985
248215
864943
149912
856617
485023
859593
430959
24242
262804
668747
4332
534264
783734
594468
748889
449959
325464
43472
675909
107664
900004
195044
88204
857819
321822
105364
888419
284479
991375
252128
943872
602614
612460
548770
366212
865562
110339
91073
589608
293559
425219
490886
308866
282012
234135
604554
665643
183176
6125
704379
326262
309269
978302
108161
307838
660926
883389
451845
377160
107931
475697
661943
425501
169488
686858
696492
927297
209456
812793
847277
744536
171439
157733
866997
230667
794833
627193
303596
858123
853625
462499
923822
164665
591962
995524
475011
980642
939036
485938
971929
527814
347472
99072
609436
123547
781395
778963
913415
793189
831589
791396
204815
41818
713057
865343
209078
55165
331229
958466
329700
398006
593900
115878
338139
263262
498352
378552
476445
147498
163061
826270
158823
503930
972269
391970
218076
929693
280315
242449
797393
103022
951017
102508
485707
192516
628273
590447
966961
990398
833056
23577
552398
559352
48617
34814
844683
392253
187952
850531
795268
236592
930570
953385
903115
495607
272817
97405
219245
105047
779640
22108
44251
364170
892285
851033
992754
434206
231672
104316
274828
739543
622196
239069
705394
854383
888758
195048
729637
815569
111158
697045
838839
699438
205110
288516
553501
451654
964439
733310
837328
923415
505037
131244
185445
108944
731614
296631
755024
956029
149334
239562
152210
297585
605164
413779
95366
398238
582402
196323
684292
11781
35779
471193
12850
230911
15488
857879
397336
377877
142771
792073
402116
770236
232405
871932
234599
135418
825671
123530
878650
441397
936486
335127
426672
23815
332026
245869
361428
365862
423683
322057
297489
927715
397980
13181
380472
878200
94843
383477
410015
370804
462904
581424
882811
173373
675855
269081
482404
891930
661450
810808
107071
316513
710210
642932
688883
641168
175892
353782
116081
312978
47385
20061
449110
536708
200002
352478
903309
411325
783989
957773
72284
603261
651953
683776
351951
101535
563327
443141
163263
997361
808301
952472
908634
320054
522402
509341
817296
366348
880298
31426
37682
337429
263932
246128
878502
67603
358881
189404
912794
727571
995956
674356
678081
466535
353226
273101
18818
907791
98823
266944
786823
948516
670161
825294
659663
133756
451047
983583
673967
358648
479873
207194
692087
869697
904368
322626
182033
554212
52077
269830
85004
322046
485120
765014
740927
810457
522371
744505
968828
239388
285702
770676
565449
821070
584395
125870
233378
680652
47536
635866
576768
54364
491087
997931
383538
954194
884911
931763
44762
114463
343771
662304
745505
679906
803341
431889
413153
37184
377557
855944
74252
211153
441702
548427
792530
397192
513074
743827
826486
227600
659431
872673
953366
311830
729750
334048
832447
945105
956132
69574
666204
23902
41293
227359
225310
269251
593197
668391
796799
431092
540367
889040
53723
115274
975359
525271
235138
383517
995532
666880
309099
938656
587985
265302
63483
659470
125140
504359
894715
400562
438843
221709
912134
944082
449846
345050
544346
335966
854929
932804
5134
250017
41347
40512
438255
838072
173252
263045
975005
994246
961919
303140
466340
882525
321854
140183
515632
593904
949036
532844
573766
954924
497435
87193
258198
734709
308513
171451
315882
36711
684302
864362
507531
663977
159765
825540
742892
988633
525502
755007
370779
8502
830036
347777
232951
291721
984678
328588
772633
988989
412355
289587
502656
809105
82364
353673
28901
408980
527484
803295
355777
997267
500335
874327
15358
660397
558275
258108
154533
640899
101188
717879
315133
440813
444386
94092
198642
181855
707720
789535
560086
864938
854226
209345
760725
529209
169522
994745
790970
914040
968445
837634
796238
229476
601722
767204
866150
22128
259067
889266
730949
736106
533285
180891
724327
758151
957699
121979
441268
987335
770582
996893
876598
808264
98091
557684
98117
468263
443668
908500
672974
886842
141945
737356
888329
288710
157327
277773
671127
681536
721157
415317
76229
452669
706972
60648
858847
898277
153759
212496
450578
917766
595472
704710
166924
806698
481799
12086
590479
398249
911447
158794
296399
965378
209091
645688
2613
875620
460181
159983
500794
899520
291155
235845
657076
979449
545670
23098
377381
500926
708276
861692
27632
620264
369670
321171
591272
316463
777403
364542
866534
103192
843419
449931
842273
320902
428753
933466
417605
759882
210967
180682
59653
139059
811594
814015
534557
491070
181252
183462
155825
469735
542883
475249
555114
306089
818504
84372
995217
602414
674384
432505
21247
590793
806667
466163
20994
770951
256488
957137
303997
732042
528779
778754
770201
425925
579662
888108
805810
441995
289010
716822
191822
857096
192007
225573
569538
820438
544061
664422
414534
513160
704834
876692
677478
751852
604821
89738
984021
368752
436274
301737
605328
273987
135955
588955
232126
476324
153654
907412
114992
422764
165558
787957
425702
286038
108839
680325
632189
240912
682165
496198
443368
268168
528731
467179
269847
523687
100784
284413
243581
863364
83273
364607
415244
909647
666401
857797
52626
222384
169526
852834
349502
766553
260447
974802
429746
997195
291620
689741
149616
624480
436539
784497
791511
728771
421017
261255
992670
206082
462572
955345
728389
324096
670001
615492
208565
399509
147191
622637
94704
294108
649856
584098
452424
91961
751751
504650
193054
96768
724073
443399
978700
534276
934529
337542
473992
940689
53762
513173
264446
838984
404164
249083
891562
791961
491471
867217
78616
250228
616343
982330
33838
680651
426627
204477
512485
432066
952679
931933
616017
885726
880409
134430
533755
979955
381131
757570
121328
31591
417499
976837
296316
679524
246657
259014
23968
873918
712617
802893
610165
36248
551883
359665
367291
623239
128718
471908
632991
839792
681865
920457
111383
427577
545997
9498
684689
58877
701377
371412
151233
371796
847141
620702
509689
896409
279055
916821
768206
630501
43697
821346
58921
186880
769403
747361
693782
501328
135804
440164
360748
258008
117775
672822
467957
437398
487389
122673
243080
295308
973468
383555
527133
406237
718789
660836
252427
811303
571251
251887
338697
890146
329517
377156
215288
158367
756923
858708
351416
766461
483809
730030
206100
908250
390313
928161
887742
160722
310501
20399
450726
836462
775459
272236
21152
940456
554775
149397
742758
820076
234623
336264
680816
796535
566848
366929
788575
648955
398857
513713
284107
494628
966062
530354
888153
78033
178564
983533
879863
772441
336871
291256
383807
615664
308409
569994
93174
609247
319583
780560
137624
335401
867255
235002
219916
11074
965164
630818
420184
539144
231138
292807
484147
603691
592347
541297
753169
383075
734563
30106
19764
639776
660645
560994
642501
741888
403215
732617
175483
11738
972301
821618
465070
441899
980846
636166
764706
63565
520461
549055
451533
926740
343537
507675
346292
639938
375461
96577
678049
577592
46876
949454
260432
794432
541018
148790
520150
997566
45989
577885
686639
939257
896845
244732
435900
820024
1871
47506
90961
561509
467109
241860
12500
836353
537676
333219
790346
521166
618308
608762
118253
602459
366963
733795
808754
171103
35697
812278
419032
482459
51364
191932
987288
435026
383022
96655
241565
374823
968425
826689
815826
803142
163892
238497
802175
60236
569442
879759
290298
122960
272349
699749
91455
980837
52759
730458
324653
543181
903630
653766
492368
823591
908943
172481
966564
892648
173284
316279
321084
892261
627063
725426
425672
170976
904489
72027
720991
108779
585629
10719
294608
679337
785356
942244
732496
736604
89945
25022
38039
159514
118524
862686
636327
486905
202152
379442
791542
320969
383863
517915
344697
975537
596364
241117
790722
554939
26071
109963
708967
33985
769688
440303
875390
936757
89896
931640
668231
591235
273638
263533
624302
973464
53640
954399
78286
161936
634738
818902
452082
499579
908750
28169
165910
159243
791132
249215
855097
647799
48832
486676
717914
958776
997930
866492
465162
47898
493093
258597
491021
981902
950249
764543
484398
638455
136420
223465
760850
645584
51257
237693
468117
329977
452304
361748
514648
628244
68283
619538
825966
813360
596357
969913
814304
380438
182744
700292
279527
478611
547561
788475
181117
805979
3578
277692
686287
656611
327591
998935
88497
333766
115445
225063
502014
371321
584361
521609
53899
685929
63425
229935
827615
51633
306917
776161
417173
477512
930850
528402
717586
614088
684736
470636
298756
546665
354283
898689
281526
827578
285549
503044
720634
217346
291947
135319
767297
837813
94013
259447
637650
650689
710054
937127
723373
664601
438503
711266
309888
536685
552293
869252
223622
82794
744957
445028
692022
812623
123176
812555
829742
357742
275017
876646
586179
11745
283977
106214
999704
100449
325926
590055
52389
588508
295736
471947
406574
504509
725310
8613
88389
917991
461364
692112
116673
75043
77830
70678
907906
767296
694494
660493
40022
163360
515470
40275
943016
851709
102625
963011
722783
434138
65870
361875
516755
879260
777352
317051
209223
675099
620991
354478
250837
141880
191976
823942
899763
197465
80967
491293
919224
882091
825509
659840
502125
151958
29224
19591
775385
649493
492455
311739
477785
656889
257159
971529
973888
623437
98024
164027
890223
604353
775086
274740
351160
271509
668648
562868
970373
579064
806713
319051
527999
646321
392252
930133
282135
691556
37307
978234
843539
75858
774048
233884
463383
637474
262429
738578
35180
176135
916086
770017
403976
387952
629700
404505
23704
795335
289343
34198
366480
238367
371488
433230
362842
329050
602518
276925
789222
668069
797819
286890
865248
435077
983272
377555
303015
121940
256681
806379
402925
41898
252240
648312
340260
28134
806347
388368
244546
61296
422622
613560
656883
578102
476955
902023
793943
991988
75563
857791
867625
420052
748765
38236
531694
72554
790770
695843
384229
107249
205106
306945
120973
535745
122526
190877
919651
658087
574131
275066
812656
813920
566148
112364
746892
979583
99340
150396
655723
278147
763778
415565
253666
714853
768986
520116
129634
907147
168770
292934
334725
203700
366112
716913
145145
83421
183643
403945
99673
885432
944765
640628
756563
946387
316512
150762
378938
786377
535591
343443
369375
911822
346
686723
779100
925756
382907
800145
497621
169926
395867
905862
669887
222080
510546
24613
230438
23617
106538
736743
699330
86970
74270
834227
522705
57856
401286
876244
481171
609435
594786
611954
611526
107937
858030
891011
132959
37281
604157
415279
66035
172537
279748
644668
588055
304083
971466
174531
806296
578213
128961
919994
114498
902750
266107
180868
421984
650407
958510
345760
545259
750219
863800
815405
326366
609755
868940
817258
171358
82295
399869
139587
603180
386747
460919
390240
851038
403882
496038
647436
770396
651877
631582
290858
243790
734523
769723
704646
204792
861956
193119
467995
966421
102809
626511
767303
106421
306234
763119
778963
701118
434251
39862
621057
196299
641158
610838
649111
338231
319970
501984
581733
775225
276813
188925
462626
302391
271815
326602
338530
354418
596649
895596
815106
542433
745599
11355
143618
665547
631306
880016
322076
838518
81375
754573
392465
753394
159601
373237
760648
993760
143974
909968
970785
118548
960276
763684
705274
92805
298695
533096
477965
399608
531399
689836
24556
245915
832506
232497
597382
629484
661333
443919
171168
210477
545470
291966
324822
955228
981115
339760
246259
98027
667465
778817
589799
475950
568891
603416
946362
130021
47099
690289
929462
162124
959002
238873
573043
789570
716788
355508
666392
294720
595020
784529
422001
903276
134724
180508
307049
248015
308960
577980
475565
58707
476649
143475
472513
712150
551048
612226
958026
972042
705812
450589
409128
482657
280811
928016
106544
465531
85613
358829
91800
998832
244345
132761
381117
172266
30886
681703
462606
260411
376081
258042
262809
311311
41545
26174
162571
800323
996904
122332
414607
779788
31118
634113
160885
496873
909824
215497
799287
133210
522664
77999
117270
686367
410035
620029
510817
592712
208033
357516
814667
528288
892313
318677
800694
102729
238442
978570
109873
550696
943471
467190
259975
181756
3641
689005
135581
440244
705463
518915
213385
729252
934537
474955
589637
355859
762568
537806
424678
626268
72799
975443
406627
537785
539777
996644
857573
717602
345952
291744
539347
284644
365910
708124
835322
939253
618465
394183
591916
67105
142946
129082
324203
744223
407836
373409
921178
272849
878634
963234
590277
769373
491985
604579
580295
789733
726570
812734
849696
949362
918583
204502
2069
893266
773205
17919
525060
482722
969276
40757
559257
155229
41664
591330
149706
816507
32220
982279
772724
721611
338275
821418
16345
582473
365053
683521
612787
820954
551769
247169
552202
223829
364211
466508
846816
657964
62470
378934
764184
627694
854765
303862
654461
175478
820276
175708
887927
446893
46930
920177
425503
95045
655232
154609
856483
177238
267210
172120
56954
570221
613907
138106
910944
250442
472595
313522
703289
579338
185696
840992
199261
516241
990417
649964
134053
971483
413800
483454
4118
378855
562491
375519
209071
556748
716954
953066
566358
211508
781626
471566
444063
827208
866018
792455
521440
816507
383257
787855
226228
294461
935785
645008
947260
552321
141051
367901
378160
550426
611466
927050
774695
575670
539340
108835
856755
26528
305821
437422
343252
334624
767372
492419
711135
896310
931681
863205
510765
860417
589016
765429
668109
891283
378475
748962
944208
405989
582443
364266
282124
5487
691435
71747
221666
580016
539168
236853
235140
747566
606376
476760
400058
265349
52927
778394
244000
798943
565270
294233
707838
785193
965291
808711
693967
470310
191161
431545
855359
65666
252833
835611
976914
377475
283548
771297
709469
135931
834115
53366
423551
133434
396942
487908
729144
980044
85588
796656
478734
490911
720320
621233
823528
547575
176691
664878
455376
587639
511782
95984
43526
776807
909916
186952
214711
200781
630329
304274
536006
515907
483106
121041
868913
348515
666166
685786
498554
917858
124451
236910
130830
919900
965621
827639
887521
585039
445302
940107
907455
661935
751972
643894
89418
960199
595207
340482
859599
539771
214672
617590
826788
703881
795451
714754
22587
262902
384839
831403
380077
49724
568301
673976
786397
172933
947837
39011
703494
2817
893358
565791
333630
276173
911511
281405
107276
683783
165504
594812
471032
188638
872610
108958
596653
33468
768330
466864
803203
655439
261685
258256
436417
795405
932562
262787
927227
108722
586221
819882
758245
78218
863606
886463
184357
975669
364836
766462
864690
932672
552851
273436
205453
526363
498369
49909
914288
144571
693611
507114
63705
639056
178474
398295
769920
44156
117096
374377
946634
567647
217691
198801
82894
748827
673258
39595
712464
258446
710140
725364
29558
531927
596720
207122
693303
791859
862783
75155
892500
543529
196431
825559
641530
647980
559791
713763
286999
733770
443078
150825
828108
208073
821590
997883
360745
113652
902321
333263
283568
483334
482638
801558
164840
203121
487378
86695
466821
110005
460055
325334
932804
470644
75053
544115
500013
788158
318728
544047
225601
550883
346369
243456
770126
818126
401124
594615
792326
465945
519901
123388
426851
66994
820365
592506
169414
849530
205940
497547
705574
142500
935578
281351
509655
323959
766091
753440
419218
753996
841473
457390
546918
122909
908666
82708
727147
345263
570081
776137
452163
404761
529860
114943
581257
90224
445296
376288
297273
266387
65389
200836
672948
939262
16997
889058
173555
562129
128934
380019
3101
691594
743029
194809
819196
758977
332641
379118
644303
744932
271272
864836
582473
359920
880389
865997
672450
344038
222459
345280
818483
44895
961317
914832
722322
832388
995534
623247
915757
976024
890277
746095
526391
276574
784773
139324
852371
376104
352666
867957
706545
911690
416278
659002
855192
671816
513293
72360
439490
618099
302815
12131
994100
602635
42613
372338
198740
21056
265852
336387
26477
464411
828657
670851
889162
857146
209377
44010
749949
288539
939582
180431
85234
372582
592871
343596
78337
379352
844185
730944
591064
56583
549562
335039
811013
623851
568837
867377
711989
22495
632509
236234
758534
121416
410741
136653
560359
661232
571515
974909
551451
912466
924580
742739
340683
689407
678789
574407
314942
289916
555957
946568
254753
128859
540359
757722
316778
673747
350948
762063
190015
161762
480728
707012
867499
448434
145750
414352
904529
555548
961079
577277
307835
51850
97531
280797
679903
262489
55840
748047
743120
678823
563501
710458
72473
461454
332831
418816
172569
929314
439129
318141
754478
37104
222809
129649
559381
337124
444946
383293
174572
216991
284055
109969
345210
747553
327582
102184
270154
33157
424874
619882
87963
761968
364491
498913
975267
793890
512301
600375
5194
738840
831630
224020
181594
701493
974435
735392
926743
796434
595015
390471
931226
647353
450088
270171
156306
186804
225782
697383
640731
647803
483743
309249
471275
460066
821056
910177
500957
983705
697542
286874
897460
362946
641545
514747
550522
933716
75900
5174
829793
813154
390405
845596
557692
869019
197551
184619
772652
614528
818938
637177
923000
429478
424178
51878
819013
358631
563043
324171
95020
999129
795580
212016
240236
230949
913288
670327
637451
139127
877584
555564
119702
300696
177598
571235
214500
579760
434337
549693
326204
741582
957067
5735
842586
801645
233648
742950
459839
409959
127830
23642
69409
493987
72156
359696
416928
35916
203660
458903
684051
683860
508320
460793
560904
834235
177239
279450
238076
782927
843290
833609
818366
882014
214085
95716
768402
939898
102868
508631
172966
86517
822640
270184
805669
313155
451519
464641
603444
129869
739440
349090
339391
376223
453231
826971
674917
655123
655248
585537
989450
739297
537693
468198
502466
805464
418735
667546
7419
745984
230846
484272
466399
315046
316820
479483
2310
118836
360181
962695
597177
635067
81069
714068
576651
902316
204304
947184
259938
335618
848155
195045
516958
624041
771119
543921
183069
121844
962853
820817
148054
979323
748484
665598
95479
474882
415069
33056
75713
209419
700484
538638
369908
850197
836237
812077
693557
778716
347622
432411
402554
441177
680294
881580
515470
535323
664656
197015
767167
153660
510626
793228
863289
71748
246073
848594
648719
794387
729335
341671
624161
594900
178474
257691
393258
110058
326698
440979
468517
882989
441844
184865
420573
689865
321347
129402
395391
512529
454181
829505
918581
665050
243293
872513
856740
806711
256035
492486
171336
511185
238886
100307
19199
85914
128184
241344
679021
86972
916584
788008
938469
398703
662940
421902
638219
5666
808628
558980
630039
76696
97499
896108
597326
699388
657850
877697
85192
767104
567960
113421
990303
657298
622373
245935
919599
333969
472988
605977
741042
900239
723116
25666
571481
999207
733864
703146
259309
845438
292030
917372
45750
555437
482076
225331
294549
240052
920588
240748
431140
923863
752437
864447
388638
474157
105470
948935
450106
491977
259617
815574
200975
950082
733040
681964
837780
355567
34085
606751
985915
216086
676562
760780
815717
137117
540450
178839
143647
217737
697426
39388
585814
834795
914169
576031
915431
623088
755481
639240
578987
343568
829436
623040
711395
249991
541761
328173
679615
39563
682571
655325
329031
547293
530473
136295
419236
291797
281647
716260
23870
604788
618614
413239
330659
573441
664104
273577
595956
30226
178448
567493
462207
152263
33974
546158
958382
286521
812138
335910
454679
610460
928781
645314
295180
867751
274559
449243
495111
131029
132599
601213
469000
744526
191419
790184
952467
77322
677285
905322
897984
978024
574402
709811
835553
336141
259153
647771
590718
139417
570012
417565
904940
899721
231053
61563
20485
857720
357105
387222
755789
392408
489170
48206
944729
821520
353008
993518
663642
782668
933874
792416
781350
454503
198739
5639
916923
404278
430062
83583
3021
772952
263450
818154
677124
771609
8961
305068
227950
761208
12744
177643
403796
558552
647726
829671
82308
501174
517317
347091
194003
52360
659620
434718
691226
517575
772888
407240
781213
615994
197851
293080
22223
753785
408633
959171
399067
782962
652632
403216
719076
917700
639545
488133
187410
552168
684894
675815
830378
871404
344666
762433
863854
608052
369204
954367
677133
204286
267654
348750
760745
189872
767578
541740
148873
212966
237450
476737
664609
57212
143455
160905
840135
322262
825377
57205
122236
788666
367802
584437
339440
56539
559611
967968
993367
295669
45314
650457
689615
920096
650146
419756
251810
279654
933375
177737
127018
416740
695005
924685
251804
554630
282199
741935
520988
867428
939765
783213
441626
907628
820049
346838
171640
837606
659945
556036
452018
510874
943524
228504
459425
281605
141206
82201
578622
804250
618278
196443
592148
411624
936728
65998
382699
681943
261977
253182
2028
478136
957361
202503
20462
483075
449007
161513
881791
434605
136268
126573
318968
55953
733923
873353
141635
604164
424513
563329
348352
297441
534952
47307
137391
348998
271045
380954
374145
972221
127908
369999
266541
462334
395117
741533
527077
528224
174402
915746
814196
928938
773040
789534
113433
673784
90678
583035
583381
489350
942466
94986
404603
371861
648080
752522
892004
34212
576399
77721
196761
115237
65614
80838
446793
133175
19753
706239
759502
764171
786958
284793
494846
844048
629873
557771
597467
595976
936048
246587
439707
147197
517993
925034
800843
562218
562333
221468
541555
407355
742242
180295
633164
138998
16753
628721
347233
670672
177268
318911
898502
856921
855918
631872
267365
867967
746728
953620
795453
433465
567772
394872
398110
247388
977633
507002
51624
972796
636319
863716
714358
511066
130017
308156
255991
494759
289297
291709
422458
118642
423444
468302
685143
214431
941783
6292
256205
596140
247305
45793
871220
856821
162197
713545
437017
508905
839839
504258
363478
775884
360142
740257
631647
952399
253849
680766
895799
203675
931917
643269
543230
938896
856952
993701
838070
62151
862630
252161
658848
643089
631822
170346
332505
821643
907928
72697
423867
55466
413471
308312
944539
705733
717174
704500
512619
689380
145486
324071
627054
390990
490076
523804
81280
423972
412040
572045
611794
724778
487180
484321
5390
172485
276834
100001
379823
263301
224695
536499
67692
721914
229327
272691
814398
96724
598385
268372
140923
950626
745008
73842
101316
555731
192201
265355
380814
405044
219841
269892
803219
498877
121574
793845
365161
111706
263410
518890
550333
867795
657577
770723
204887
284791
600580
940940
825354
202561
419814
100287
507621
235006
686761
17207
196802
479139
376360
80583
732933
794218
973047
122298
889480
82726
330035
689118
628769
309665
303671
87589
985930
637009
711684
943897
459548
729381
888522
371756
377368
117997
382639
172440
649078
622295
258724
198446
701461
723026
472992
986241
273161
627674
683497
22813
830385
289933
917968
392602
174101
177211
117992
16837
357493
412401
703771
540683
478409
585447
665194
253579
396646
293689
87509
684931
82512
452030
892514
905964
464634
553642
984470
612181
205052
491447
732162
323744
618351
458047
872676
329333
369946
494061
249372
921285
322274
639069
901890
160362
530684
673321
978781
696258
931658
295506
996438
783844
334011
632521
539977
95019
284286
762342
408532
849045
323622
154043
977434
18342
601246
169673
533835
956429
956719
218702
134349
52681
418700
127991
702934
172361
444609
373095
615135
920855
530236
652265
989916
684421
823684
484515
553274
321185
919092
212510
280587
666483
968354
251833
634714
842212
650517
136915
335269
689791
910739
34051
292403
271365
753892
721666
567067
431130
703189
27524
415642
702207
232972
104324
867141
447369
669311
483518
111315
539830
904040
192170
31720
94755
792907
464998
316314
585553
675355
498965
384440
305900
763228
873666
815336
296622
537864
233703
2043
932349
290331
142092
120790
414915
313522
147817
858544
215506
404938
660038
655645
937504
283730
544738
436108
55024
133988
184394
997133
210147
784650
906776
73172
396805
910299
70835
329562
336988
576626
805694
397906
113343
75204
873211
621585
907814
232526
648695
246761
184882
640589
216899
545667
310551
640942
523321
525020
41239
426883
675057
250011
835357
444823
695854
268910
534015
52991
142562
373089
654264
552566
437643
303545
96416
824266
749478
977817
22793
941650
371570
151787
30590
622068
163993
776405
486650
361940
452483
69427
301943
573189
494675
551361
562274
931672
347841
631541
418806
443672
259143
493719
40998
693452
749529
461492
265421
29950
331591
200727
802223
106054
241344
240541
779221
223151
489187
841893
86107
18190
823568
680311
359883
820891
604765
320516
352272
708175
113309
303164
449545
495164
14861
784732
411931
357427
878444
749971
597624
699276
599031
511426
185635
366292
472007
864093
980261
421820
635415
158406
459959
195509
123875
444523
698901
417958
143377
375765
253704
574737
505107
98291
791766
28245
370475
663805
186686
200205
107904
736611
658984
462264
113934
