199723
199707
199672
199667
199462
199405
199157
199148
199098
199006
198915
198867
198833
198696
198439
198422
198411
198289
198117
197697
197440
197328
197323
197251
197231
197179
197176
197161
197138
197036
196870
196574
196102
195859
195713
195464
195369
195358
195324
195268
195220
195187
195185
195134
195078
194824
194771
194759
194743
194663
194657
194638
194617
194420
194409
194398
194240
194173
194038
193984
193979
193918
193589
193547
193546
193512
193483
193481
193437
193241
193151
193147
193043
192994
192961
192959
192909
192885
192794
192408
192130
191927
191921
191759
191628
191465
191455
191204
190964
190784
190755
190667
190523
190429
190422
190353
190249
190233
190219
190219
190100
190060
189992
189962
189744
189659
189574
189213
189170
189114
189011
188904
188716
188642
188590
188494
188338
188284
188275
188036
188001
187896
187574
187455
187453
187452
187298
187237
187235
187062
187046
186942
186773
186541
186368
186319
186288
186268
186104
185773
185765
185513
185355
185270
185198
184768
184720
184303
184266
184144
184007
183655
183654
183599
183488
183317
183286
183254
183113
183030
182969
182926
182780
182716
182710
182704
182592
182297
182256
182203
182160
182140
182015
181968
181936
181636
181592
181381
181338
181138
181098
181095
181024
181005
180980
180980
180884
180755
180741
180446
180419
180224
180170
180098
179903
179627
179613
179423
179348
179320
178978
178852
178842
178637
178595
178468
178409
178221
178009
177954
177796
177787
177653
177435
177406
177403
177315
177198
176995
176975
176921
176871
176627
176509
176476
176447
176383
176324
176248
176236
176161
175933
175873
175863
175795
175771
175647
175581
175216
175086
175042
174797
174712
174582
174534
174530
174178
173907
173839
173673
173577
173564
173548
173432
173428
173353
173160
173138
173109
173017
172974
172768
172700
172499
172283
172156
172148
172124
171965
171950
171892
171878
171699
171667
171658
171384
171352
171166
170607
170408
170282
170098
170085
169841
169786
169701
169631
169599
169382
169074
168949
168879
168794
168600
168527
168434
168001
167954
167951
167908
167818
167592
167532
167361
167334
167244
167163
167154
167088
167062
166942
166748
166586
166575
166571
166320
166037
165941
165892
165721
165714
165631
165494
165433
165424
165397
165312
165281
165168
165096
165061
165018
164961
164880
164876
164868
164825
164662
164606
164465
164115
163879
163856
163736
163723
163578
163493
163471
163303
163125
163063
162919
162813
162791
162583
162391
162301
162243
162224
162174
162150
162004
161903
161803
161794
161717
161624
161583
161463
161339
160562
160400
160344
160086
160007
159937
159805
159655
159587
159559
159352
159301
159201
159171
159091
159036
159023
158984
158950
158860
158763
158706
158500
158486
158454
158400
158183
158113
158060
157742
157692
157659
157540
157526
157503
157267
157236
157235
157032
157026
156844
156830
156768
156645
156588
156330
156325
156168
156032
155814
155796
155545
155407
155290
155049
154992
154700
154349
154338
154281
154235
154132
154103
154054
153962
153927
153821
153681
153607
153492
153471
153442
153203
153045
153001
152907
152899
152585
152578
152336
152299
152202
152150
152144
152056
152030
151853
151833
151810
151718
151616
151497
151488
151440
151354
151266
151254
150956
150819
150708
150618
150581
150546
150518
150439
150347
150286
150175
150046
149990
149764
149665
149526
149413
149320
149317
149238
148894
148762
148715
148698
148696
148527
148506
148262
148202
147986
147928
147924
147833
147797
147729
147388
147165
147017
146988
146965
146802
146709
146691
146251
146233
146142
146034
145926
145806
145752
145720
145574
145481
145244
145215
145186
145142
145130
145106
144720
144577
144429
144410
144374
144273
144235
144134
144109
144012
143971
143962
143898
143628
143570
143406
143299
143255
143200
143122
143066
142927
142725
142594
142549
142482
142435
142338
142217
142052
142018
141985
141927
141849
141645
141551
141497
141460
141346
141193
141149
141146
141069
141021
140917
140821
140802
140667
140522
140497
140417
140404
140398
140361
140219
139921
139832
139812
139727
139561
139310
139063
138906
138863
138705
138525
138307
137996
137889
137648
137638
137404
137378
137354
137326
137051
137046
136898
136893
136816
136554
136530
136500
136424
136379
136313
136309
136161
136079
136006
136005
135977
135963
135883
135606
135420
135225
135199
134936
134850
134701
134551
134548
134509
134486
134423
134284
134272
134131
134073
134054
133997
133902
133801
133743
133681
133618
133617
133575
133536
133508
133434
133431
133413
133404
133371
133303
133290
133261
133223
133188
133177
132944
132765
132735
132696
132664
132398
132333
132098
132037
131980
131837
131713
131684
131637
131494
131486
131441
131239
131083
131073
131041
130845
130670
130670
130663
130508
130299
130165
130093
129992
129856
129845
129815
129739
129703
129528
129302
129280
128903
128799
128638
128501
128359
128282
127753
127566
127510
127504
127272
127137
126888
126862
126538
126387
126361
126344
126332
126306
126234
126234
126182
126154
126077
125881
125678
125115
125090
124995
124944
124884
124784
124744
124560
124458
124395
124362
124296
124232
124164
123981
123877
123798
123707
123566
123409
123243
123107
123051
122985
122971
122664
122613
122518
122432
122409
122403
122393
122352
122173
122136
121852
121728
121724
121724
121510
121368
121321
121309
121163
121079
120933
120504
120475
120360
120248
120128
119957
119901
119883
119839
119827
119789
119674
119663
119282
119259
119227
118981
118922
118910
118904
118818
118651
118531
118295
118174
118039
118029
117997
117976
117918
117875
117752
117636
117522
117462
117458
117456
117276
117164
117109
117046
117033
116944
116866
116807
116729
116507
116357
116319
116041
115982
115885
115884
115860
115754
115734
115581
115577
115555
115362
115289
115244
115097
114962
114768
114477
114466
114453
114439
114390
114349
114329
114254
114149
114102
114055
113939
113814
113612
113569
113496
113404
112995
112891
112884
112883
112342
112229
111932
111715
111689
111579
111254
111073
111056
111038
110906
110761
110717
110676
110652
110615
110524
110510
110503
110436
110396
110151
110133
110098
110076
110056
109847
109727
109667
109655
109447
109349
109240
109120
109116
109054
108981
108931
108666
108603
108547
108542
108128
108121
107961
107947
107878
107856
107778
107431
107362
107331
107120
107112
107080
106647
106583
106550
106377
106295
106172
106060
106021
106016
105906
105816
105751
105491
105441
105387
105032
104943
104898
104769
104692
104645
104617
104574
104485
104302
104268
104196
104181
104027
104004
103960
103593
103569
103372
103237
103055
103045
102980
102924
102869
102841
102798
102731
102626
102626
102503
102501
102342
102286
102000
101920
101745
101653
101603
101374
101331
101154
101142
100824
100579
100567
100514
99994
99909
99904
99869
99846
99816
99795
98972
98885
98874
98716
98528
98507
98428
98350
98263
98257
97829
97819
97589
97543
97100
97090
97016
96969
96917
96886
96770
96652
96593
96592
96491
96308
96153
96063
96049
96000
95926
95694
95602
95385
95373
95291
95222
95048
95039
94987
94942
94905
94724
94668
94551
94501
94106
93739
93730
93611
93588
93583
93515
92809
92728
92154
92136
92090
91946
91800
91686
91274
91256
91179
91160
91160
91122
91103
91091
90973
90832
90780
90777
90662
90539
90480
90420
90351
90266
90217
89957
89941
89835
89720
89693
89650
89629
89564
89484
89483
89460
89388
89383
89343
89264
89218
89199
89081
89042
88966
88886
88854
88853
88714
88666
88646
88622
88579
88407
88360
88197
88038
87880
87787
87759
87714
87542
87526
87491
87481
87478
87416
87277
87127
87104
86654
86588
86415
86391
86380
86293
86159
86040
86031
85972
85955
85725
85665
85612
85590
85554
85448
85306
84856
84722
84666
84557
84409
84265
84242
84105
83998
83993
83743
83721
83432
83296
82883
82771
82529
82292
82213
82190
82184
82165
82039
81924
81863
81855
81651
81396
81393
81324
81118
81009
80933
80647
80535
80452
80390
80325
80127
79975
79841
79814
79411
79060
79000
78893
78756
78280
78222
78217
77879
77872
77860
77821
77764
77700
77504
77487
77421
77361
77217
77094
76948
76641
76580
76527
76307
76298
76184
76110
75951
75867
75845
75765
75722
75611
75553
75433
75350
75314
75286
75267
75179
74905
74842
74828
74805
74784
74709
74460
74415
74384
74303
74185
74104
74065
73881
73802
73767
73745
73715
73638
73627
73599
73536
73406
73187
73008
72631
72571
72521
72487
72478
72395
72232
72168
72054
71952
71904
71873
71769
71725
71599
71059
70891
70855
70534
70436
70360
70333
70283
70277
70191
70027
69889
69805
69780
69616
69557
69451
69432
69400
69323
69230
69150
69027
68786
68742
68710
68685
68681
68681
68667
68364
68317
68169
68155
68067
67996
67955
67719
67681
67582
67445
67274
66983
66904
66833
66639
66576
66484
66462
66454
66255
65972
65934
65873
65871
65729
65678
65569
65558
65544
65544
65399
65335
65315
65305
65272
65250
65128
65100
65062
65036
64891
64682
64515
64512
64494
64292
64227
64199
64153
64152
63650
63638
63510
63457
63441
63395
63345
63263
63211
63177
63148
63074
62835
62821
62674
62617
62575
62501
62124
62115
62073
61998
61981
61944
61636
61413
61338
61298
61254
61016
60646
60551
60521
60406
60364
60327
60320
60221
60083
60023
59898
59662
59641
59599
59584
59497
59418
59362
59343
59339
59268
58981
58906
58777
58644
58597
58581
58526
58516
58473
58457
58413
58359
58306
58253
58229
58192
58180
58097
57942
57881
57868
57856
57730
57615
57571
57507
57482
57372
57363
57283
57239
57121
56751
56671
56613
56383
56281
56174
56151
56138
56097
56069
56021
55825
55810
55567
55521
55428
55416
55295
55231
54996
54977
54960
54784
54723
54491
54374
54360
54339
53847
53632
53478
53440
53400
53348
53275
53252
53191
53136
53126
53029
52917
52770
52516
52322
52191
52182
51983
51905
51712
51668
51614
51491
51430
51384
51292
51221
50936
50887
50381
50091
50041
49949
49936
49910
49900
49836
49811
49780
49773
49686
49678
49659
49630
49598
49538
49535
49466
49237
49212
49195
49101
49091
48990
48851
48831
48549
48509
48387
48287
48240
48238
48219
48215
48196
48158
48111
48001
47899
47828
47696
47638
47461
47363
47198
47153
47097
47093
47071
47043
46927
46905
46660
46568
46539
46502
46288
46230
46214
46063
46060
45916
45829
45797
45785
45732
45691
45650
45541
45446
45373
45299
45244
45232
45125
45114
45096
45019
44944
44907
44898
44696
44643
44547
44540
44508
44409
44402
44322
44308
44152
43972
43767
43695
43613
43612
43588
43574
43484
43362
43268
43247
43234
43061
42975
42866
42855
42835
42833
42754
42735
42715
42668
42602
42583
42565
42478
42379
42162
42022
41928
41925
41856
41673
41640
41635
41614
41353
41284
41140
41035
40975
40899
40831
40738
40667
40614
40534
40341
40324
40261
40128
40088
40059
40040
39832
39581
39409
39367
39317
39314
39282
39056
38996
38953
38905
38789
38749
38667
38665
38663
38610
38446
38327
38091
38036
38001
37873
37861
37759
37612
37525
37458
37438
37342
37339
37308
37229
37153
37115
36917
36901
36882
36857
36828
36813
36326
36302
36156
36056
35815
35264
35182
35067
35056
34735
34707
34672
34640
34596
34490
34382
34343
34229
34071
33487
33458
33447
33320
33003
32790
32597
32245
32238
32232
31932
31916
31856
31124
31081
30941
30833
30719
30630
30608
30526
30522
30497
30467
30463
30139
30101
30040
30010
29839
29757
29631
29609
29488
29463
29359
29101
29021
28974
28876
28808
28666
28165
28130
28111
28004
27336
27246
27228
27205
27097
26852
26818
26801
26708
26663
26597
26584
26570
26543
26491
26468
26278
26208
26191
25851
25763
25734
25734
25720
25653
25527
25129
25045
24939
24779
24748
24519
24456
24287
24182
24141
24055
24029
23969
23903
23773
23750
23681
23656
23543
23516
23197
22713
22615
22412
22400
22392
22332
22302
22285
22164
22036
22032
22017
21950
21925
21861
21837
21709
21514
21104
20993
20988
20804
20549
20489
20428
20366
20294
20284
20269
20265
20259
20118
20088
19937
19927
19886
19817
19765
19728
19623
19603
19603
19496
19424
19421
19178
19133
19062
19026
18936
18860
18843
18748
18614
18273
18116
18052
18030
18024
17962
17892
17776
17734
17538
17485
17458
17436
17350
17327
17176
16779
16740
16528
16318
16265
16239
15739
15714
15627
15613
15542
15493
15384
15329
15281
15114
15078
15052
15038
14782
14725
14686
14678
14537
14509
14312
14311
14286
14285
14154
14150
14046
14034
13979
13776
13755
13754
13586
13581
13558
13448
13237
13191
13179
13072
12960
12859
12853
12695
12537
12197
12191
11996
11986
11687
11581
11409
11316
11235
11169
11129
10782
10647
10618
10616
10574
10248
10013
9998
9987
9800
9651
9477
9182
8961
8931
8921
8914
8837
8628
8625
8397
8361
8294
8192
8162
8147
7981
7818
7586
7567
7497
6941
6939
6927
6921
6874
6676
6643
6582
6544
6427
6415
5969
5953
5912
5883
5858
5730
5634
5627
5624
5575
5432
5112
5107
4927
4867
4786
4676
4670
4620
4534
4295
4252
4180
4098
4087
4039
3950
3592
3488
3400
3336
3178
3167
3113
3070
3038
2919
2864
2761
2551
2509
2323
2254
2204
1965
1921
1795
1679
1618
1569
1500
1334
969
820
771
674
653
504
375
374
50
