999968
999881
999881
999842
999704
999695
999431
999207
999176
999129
999012
998981
998935
998832
998768
998648
998605
998549
998259
998168
998080
997931
997930
997883
997843
997566
997510
997499
997402
997361
997271
997267
997195
997133
997104
996936
996904
996893
996644
996498
996438
996004
995957
995956
995790
995534
995532
995524
995499
995432
995354
995217
994963
994914
994745
994666
994531
994481
994265
994246
994195
994135
994100
993785
993760
993701
993518
993413
993406
993367
993364
993305
993109
993025
993013
992788
992754
992735
992701
992670
992636
992568
992375
992298
992284
992144
992038
991988
991763
991669
991590
991586
991547
991497
991375
991305
991255
990926
990512
990417
990398
990303
990094
989981
989947
989916
989761
989760
989450
989376
989330
988989
988896
988805
988633
988358
988254
987853
987702
987515
987466
987339
987335
987288
987264
987081
986310
986241
986203
986169
986130
986054
985949
985930
985915
985724
985615
985480
985154
985017
984947
984839
984757
984678
984664
984470
984409
984329
984318
984021
983811
983788
983758
983750
983720
983705
983628
983592
983583
983533
983398
983272
983130
983120
982954
982927
982723
982491
982407
982330
982279
982033
981961
981913
981902
981448
981379
981376
981211
981189
981115
981093
980941
980846
980837
980824
980714
980642
980465
980463
980364
980328
980261
980245
980134
980085
980044
980042
979955
979742
979583
979449
979323
979247
979000
978900
978889
978781
978700
978570
978302
978234
978097
978067
978024
977965
977817
977719
977705
977633
977434
977336
977333
977267
977151
977102
977101
976915
976914
976850
976837
976767
976747
976470
976384
976364
976157
976145
976024
975993
975669
975618
975550
975537
975505
975443
975359
975311
975267
975173
975022
975005
974941
974909
974802
974694
974660
974517
974486
974435
974032
973888
973609
973553
973534
973468
973464
973390
973264
973243
973047
973016
972796
972636
972552
972447
972438
972301
972269
972221
972042
971988
971929
971844
971750
971604
971566
971529
971483
971466
971339
971239
970818
970785
970755
970728
970373
970004
969943
969936
969913
969890
969614
969588
969501
969457
969436
969426
969294
969276
969128
969043
969040
969029
968852
968828
968459
968445
968425
968354
968122
967968
967807
967720
967588
967523
967403
967259
966961
966704
966564
966564
966449
966421
966396
966238
966062
965941
965937
965903
965703
965621
965418
965387
965378
965354
965334
965317
965291
965221
965198
965164
965046
965026
964583
964548
964547
964491
964467
964439
964308
964143
964065
964021
963965
963379
963234
963011
962853
962807
962787
962766
962740
962721
962695
962634
962573
962516
962180
962175
961919
961873
961615
961562
961317
961292
961217
961162
961102
961079
960794
960778
960371
960276
960211
960199
960110
960029
959891
959473
959408
959329
959328
959171
959118
959002
958879
958776
958602
958510
958466
958385
958382
958323
958244
958026
957928
957922
957877
957823
957773
957699
957678
957665
957649
957469
957415
957366
957361
957274
957137
957067
957062
957049
956942
956864
956828
956719
956613
956429
956418
956253
956236
956132
956102
956042
956029
955992
955846
955720
955345
955228
955070
955001
954946
954924
954579
954451
954399
954367
954210
954194
954189
954147
953737
953620
953564
953385
953366
953279
953273
953219
953066
953014
952898
952798
952748
952679
952601
952532
952472
952467
952399
952214
952208
951664
951557
951483
951089
951017
950951
950949
950717
950626
950608
950579
950249
950082
949454
949392
949362
949065
949036
948949
948935
948824
948559
948516
948382
948199
948110
947837
947740
947597
947568
947462
947260
947184
946905
946809
946744
946722
946701
946634
946580
946568
946473
946387
946362
946222
945767
945728
945499
945450
945305
945236
945208
945105
944940
944847
944765
944729
944595
944539
944533
944423
944407
944363
944208
944082
943926
943897
943872
943524
943471
943300
943218
943167
943126
943016
942784
942716
942466
942319
942244
942240
942139
942117
942013
941991
941979
941783
941650
941373
941319
941225
941219
941035
940985
940940
940835
940704
940689
940475
940456
940190
940107
939946
939905
939898
939765
939732
939582
939542
939450
939363
939262
939257
939253
939036
938896
938864
938829
938823
938817
938656
938622
938469
938213
937940
937771
937504
937492
937382
937245
937172
937127
937097
937015
936961
936800
936764
936757
936728
936715
936670
936653
936593
936486
936480
936447
936289
936220
936214
936118
936048
935960
935957
935885
935785
935733
935724
935578
935559
935519
935445
935367
935086
935083
935068
935025
935021
934897
934872
934734
934630
934537
934529
933874
933768
933726
933716
933584
933466
933423
933375
933336
933325
932804
932804
932672
932562
932368
932349
932333
932310
932158
932058
932020
931998
931933
931917
931763
931681
931672
931658
931640
931575
931491
931414
931399
931226
931219
931123
930850
930570
930510
930369
930140
930133
930097
929822
929693
929462
929390
929314
929267
929127
929062
928938
928910
928781
928472
928165
928161
928016
927747
927718
927715
927702
927609
927324
927297
927227
927050
926898
926889
926782
926743
926740
926563
925955
925901
925756
925752
925672
925600
925557
925468
925034
924961
924956
924685
924681
924678
924669
924580
924110
923974
923907
923863
923822
923795
923730
923415
923271
923071
923000
922960
922917
922890
922880
922759
922633
922618
922199
922096
921980
921808
921620
921610
921447
921285
921244
921178
921148
921085
920926
920855
920836
920755
920752
920588
920457
920262
920177
920096
920091
919994
919900
919651
919599
919575
919224
919092
918850
918777
918583
918581
918377
917991
917968
917858
917766
917700
917698
917654
917632
917608
917456
917372
917260
917107
916949
916946
916923
916821
916791
916584
916328
916246
916111
916111
916098
916086
915808
915767
915760
915757
915746
915585
915431
915255
915108
915079
914832
914435
914399
914389
914288
914169
914105
914040
913964
913810
913695
913504
913415
913288
913133
913076
913020
912794
912750
912665
912548
912466
912371
912306
912134
912044
911850
911822
911738
911690
911579
911511
911447
911418
911318
911160
910993
910969
910944
910825
910806
910739
910677
910455
910299
910177
910086
910060
909968
909916
909824
909790
909764
909647
909558
909471
909345
909322
909271
909130
909031
908943
908841
908750
908743
908740
908670
908666
908634
908500
908346
908250
908145
907990
907968
907928
907906
907814
907791
907628
907552
907528
907455
907412
907147
907031
906834
906776
906550
906251
906019
905964
905873
905862
905815
905740
905504
905322
905263
905152
905145
905085
904940
904589
904578
904529
904489
904368
904293
904149
904139
904040
904004
903912
903639
903636
903630
903622
903347
903309
903276
903244
903129
903115
903063
902980
902897
902844
902750
902571
902443
902321
902316
902161
902023
901890
901493
901129
900855
900820
900766
900514
900424
900239
900088
900004
899845
899763
899758
899721
899520
899198
899018
898967
898689
898637
898553
898552
898502
898426
898377
898277
898265
897984
897563
897551
897483
897460
897237
897116
896845
896806
896409
896319
896310
896108
896093
895937
895860
895799
895719
895623
895596
895578
895521
895393
895356
895300
894867
894823
894802
894715
894655
894630
894614
894377
894271
894113
893554
893516
893481
893358
893266
893242
892814
892782
892687
892648
892614
892514
892503
892500
892313
892285
892261
892229
892217
892073
892031
892004
891930
891562
891560
891419
891283
891158
891107
891057
891011
890868
890781
890547
890441
890277
890275
890223
890146
890145
889834
889480
889351
889266
889252
889162
889058
889040
889033
888836
888758
888740
888735
888713
888704
888701
888583
888582
888522
888460
888419
888329
888325
888210
888153
888108
887927
887742
887682
887521
887517
887054
887033
886879
886852
886842
886775
886554
886463
886339
886035
885789
885726
885698
885685
885611
885602
885578
885537
885485
885432
885425
885386
885379
885274
885201
884911
884810
884760
884441
884363
884267
884061
883931
883766
883706
883615
883414
883389
883316
883123
883119
883062
882989
882811
882525
882212
882091
882014
881985
881983
881866
881791
881637
881580
881457
881248
881222
880526
880409
880389
880298
880274
880222
880016
879947
879863
879759
879640
879561
879360
879326
879260
878876
878826
878677
878650
878642
878634
878598
878502
878473
878444
878442
878200
878114
877697
877642
877584
877238
876817
876706
876692
876646
876632
876598
876484
876455
876244
875620
875390
875284
875140
875049
874989
874900
874697
874429
874332
874327
873918
873858
873811
873768
873666
873639
873526
873494
873353
873211
872768
872680
872676
872673
872663
872644
872610
872560
872513
872478
872321
872282
871932
871895
871404
871308
871234
871220
871031
870998
870923
870363
870018
869924
869823
869697
869610
869604
869306
869252
869212
869199
869112
869108
869020
869019
868940
868913
868824
868634
868483
868366
868345
868248
868193
867978
867967
867957
867795
867751
867729
867625
867598
867548
867499
867428
867396
867377
867258
867255
867217
867141
866997
866983
866534
866492
866449
866393
866275
866218
866150
866018
865997
865903
865806
865759
865730
865682
865665
865562
865545
865343
865253
865248
865112
864943
864938
864836
864760
864692
864690
864636
864631
864447
864362
864288
864256
864242
864231
864199
864160
864093
864046
864033
863957
863952
863889
863854
863836
863800
863795
863782
863716
863710
863606
863364
863289
863240
863205
863088
862831
862792
862783
862718
862686
862667
862630
862477
862369
862307
861956
861692
861547
861379
860549
860524
860520
860497
860417
860255
860149
860040
860026
859667
859661
859599
859593
859396
859278
859214
859114
858951
858847
858798
858708
858614
858611
858603
858556
858544
858536
858497
858381
858212
858123
858030
857879
857819
857797
857791
857742
857720
857581
857573
857430
857235
857188
857146
857096
857006
856997
856984
856952
856921
856821
856755
856749
856746
856740
856676
856617
856577
856557
856483
856242
855978
855944
855918
855814
855774
855576
855359
855294
855192
855111
855097
854997
854971
854929
854765
854604
854383
854343
854326
854226
853890
853857
853759
853625
853573
853442
853329
853320
852834
852610
852371
852302
851829
851814
851709
851445
851177
851162
851116
851038
851033
850886
850632
850531
850433
850360
850197
850171
850037
849973
849842
849720
849712
849696
849530
849045
848987
848872
848809
848594
848241
848155
847972
847955
847754
847745
847653
847420
847329
847277
847223
847141
847018
847015
846816
846173
845932
845814
845600
845596
845491
845438
845312
844784
844683
844656
844640
844433
844369
844185
844048
844042
843540
843539
843448
843419
843328
843290
842900
842586
842521
842459
842273
842245
842212
842004
841893
841817
841779
841528
841486
841473
841345
840992
840813
840618
840575
840434
840412
840135
840105
840060
840038
840036
839995
839956
839839
839792
839615
839469
839452
839351
839126
839126
839036
838984
838872
838869
838839
838598
838548
838518
838506
838485
838477
838434
838116
838072
838070
838050
837813
837780
837634
837606
837550
837328
836951
836734
836619
836540
836501
836462
836353
836285
836237
836188
835915
835661
835611
835553
835519
835357
835350
835322
835274
834820
834795
834682
834235
834227
834133
834115
833609
833571
833508
833374
833056
833049
833029
832752
832741
832506
832447
832399
832388
832218
832073
832058
832007
832002
831730
831630
831589
831403
830875
830783
830628
830385
830383
830378
830042
830036
830004
829793
829742
829671
829557
829505
829436
829316
829085
829065
828898
828861
828689
828657
828241
828108
827858
827786
827735
827706
827639
827631
827615
827600
827578
827369
827355
827285
827208
827174
826971
826853
826847
826788
826689
826679
826486
826334
826270
826226
826153
826076
826010
825968
825966
825671
825655
825625
825559
825540
825509
825447
825427
825377
825354
825294
825198
824979
824718
824544
824519
824504
824434
824321
824310
824266
824122
824072
823942
823851
823846
823684
823591
823568
823528
823417
823243
823037
822950
822672
822640
822348
822189
822181
822098
822053
821994
821978
821643
821618
821590
821520
821418
821346
821237
821226
821070
821056
820954
820891
820817
820815
820800
820440
820438
820383
820365
820276
820264
820076
820064
820049
820024
819882
819532
819362
819290
819235
819196
819062
819013
818962
818938
818902
818791
818727
818698
818573
818504
818483
818366
818364
818154
818152
818126
818053
817980
817839
817803
817424
817331
817296
817258
817104
817050
816852
816842
816670
816519
816507
816507
816488
816339
815926
815906
815882
815831
815826
815799
815717
815670
815574
815569
815567
815405
815336
815275
815198
815123
815106
814989
814934
814667
814641
814412
814398
814333
814304
814196
814168
814015
813920
813880
813726
813723
813559
813543
813370
813360
813154
812813
812793
812764
812734
812656
812623
812555
812445
812303
812278
812138
812077
812018
811959
811794
811773
811641
811594
811303
811013
810962
810935
810931
810901
810808
810737
810690
810646
810644
810568
810457
810421
810413
809905
809732
809663
809524
809369
809105
808785
808781
808754
808711
808678
808628
808450
808448
808301
808264
808176
808018
808002
806895
806861
806713
806711
806698
806667
806422
806379
806347
806296
806268
806123
806058
806048
805979
805960
805881
805846
805833
805810
805766
805701
805694
805669
805512
805510
805464
805423
805194
805164
805086
804984
804394
804250
804160
804013
803995
803777
803668
803593
803448
803341
803325
803295
803219
803203
803142
803138
803024
802997
802946
802902
802893
802855
802673
802563
802260
802223
802214
802175
801962
801895
801725
801645
801589
801558
800843
800694
800592
800499
800384
800323
800145
799879
799860
799405
799287
799203
799178
799007
798943
798571
798520
798510
798418
798302
798014
797979
797966
797931
797819
797732
797654
797585
797393
797246
797227
796799
796799
796656
796549
796535
796434
796238
796107
795992
795976
795848
795580
795453
795451
795405
795401
795376
795335
795268
795205
795110
794936
794929
794875
794833
794742
794608
794432
794387
794377
794275
794218
794137
794041
794019
793943
793890
793845
793782
793761
793734
793228
793189
793011
792952
792907
792716
792661
792658
792633
792539
792530
792455
792416
792326
792264
792251
792073
791961
791960
791915
791867
791859
791766
791718
791542
791511
791396
791384
791154
791132
790970
790864
790831
790770
790722
790346
790184
790156
789733
789576
789570
789535
789534
789499
789353
789240
789222
788943
788666
788575
788475
788217
788159
788158
788095
788008
787982
787969
787957
787855
787764
787622
787588
787488
787456
787392
787381
787354
787291
786958
786937
786823
786779
786598
786397
786377
786151
785932
785752
785711
785556
785382
785356
785193
785087
785040
785034
784862
784773
784732
784650
784646
784529
784497
784172
783989
783935
783844
783734
783610
783608
783213
783140
782973
782962
782927
782757
782668
782486
782179
782023
781960
781888
781778
781626
781468
781444
781395
781361
781350
781213
781162
781005
780560
780415
780182
779875
779855
779788
779660
779640
779502
779486
779416
779221
779154
779100
779089
779027
778987
778963
778963
778817
778754
778716
778667
778603
778559
778509
778478
778453
778394
778300
778159
778036
777571
777403
777352
777332
777321
777317
777259
776899
776811
776807
776784
776724
776477
776437
776405
776347
776188
776161
776137
776091
776071
775999
775946
775884
775510
775460
775459
775458
775385
775302
775243
775225
775086
775062
774848
774818
774695
774415
774335
774185
774115
774048
773915
773878
773852
773502
773463
773279
773205
773040
772986
772952
772888
772724
772652
772633
772605
772493
772457
772441
772414
772389
771956
771743
771678
771609
771482
771401
771297
771243
771184
771152
771119
771001
770951
770946
770723
770676
770664
770652
770621
770582
770404
770396
770352
770236
770216
770201
770126
770017
769920
769819
769723
769688
769403
769388
769373
769369
768986
768781
768420
768420
768402
768330
768206
767793
767694
767655
767646
767578
767372
767303
767297
767296
767204
767167
767104
767087
767024
766956
766690
766628
766553
766491
766489
766462
766461
766091
765888
765864
765764
765750
765696
765501
765429
765328
765014
764948
764921
764706
764543
764472
764184
764171
764095
764070
764037
763988
763778
763728
763684
763658
763530
763228
763219
763204
763196
763119
763108
762745
762704
762568
762511
762453
762433
762342
762223
762063
761968
761803
761771
761419
761321
761320
761208
761112
761109
760858
760850
760838
760782
760780
760745
760725
760648
760260
760259
760125
759882
759742
759541
759502
759309
759265
759110
759093
758977
758857
758746
758544
758534
758513
758513
758487
758348
758245
758224
758151
758095
758093
757724
757722
757570
757546
757422
757171
757102
756981
756923
756699
756597
756563
756440
756403
755960
755884
755789
755481
755281
755084
755024
755007
754920
754646
754628
754573
754478
754228
754221
754175
754157
753996
753955
753892
753830
753785
753440
753394
753291
753169
753084
752667
752525
752522
752437
752382
752224
752190
751972
751852
751804
751790
751751
751639
751580
751305
750907
750906
750691
750635
750513
750499
750399
750363
750219
750028
749971
749949
749762
749719
749668
749529
749495
749478
749402
749069
748962
748918
748889
748827
748765
748484
748406
748314
748161
748108
748047
747953
747641
747628
747566
747553
747374
747361
747245
747076
747000
746995
746892
746728
746517
746315
746214
746095
745984
745983
745976
745947
745878
745802
745599
745505
745405
745123
745008
744999
744957
744932
744919
744646
744588
744536
744527
744526
744505
744267
744223
743981
743913
743827
743763
743597
743581
743280
743259
743120
743081
743029
742950
742892
742758
742739
742630
742592
742327
742242
742210
741935
741888
741814
741788
741582
741580
741533
741459
741402
741127
741042
740927
740870
740866
740782
740718
740675
740546
740524
740418
740257
740237
740194
740136
739639
739598
739543
739440
739297
738840
738834
738578
738452
738390
738341
738208
738102
737972
737902
737877
737806
737356
737222
737195
737126
737097
736810
736743
736611
736604
736448
736364
736160
736117
736113
736106
735914
735450
735392
735240
735125
735096
734996
734900
734709
734563
734523
734503
734129
734008
733981
733923
733870
733864
733795
733770
733669
733477
733408
733310
733292
733281
733254
733135
733046
733046
733040
732933
732617
732537
732496
732300
732162
732131
732042
732000
731746
731671
731641
731614
731555
731311
731263
731067
731000
730998
730949
730944
730800
730695
730458
730433
730030
729963
729837
729750
729682
729637
729506
729392
729381
729335
729252
729230
729184
729170
729144
729130
728996
728798
728771
728730
728711
728678
728536
728527
728390
728389
728364
728344
728256
728229
728134
728134
727981
727970
727814
727742
727571
727545
727147
726939
726841
726757
726683
726682
726570
726184
726139
725668
725507
725474
725470
725426
725378
725364
725310
725249
725160
725089
724778
724441
724327
724304
724266
724264
724104
724073
723825
723666
723373
723256
723116
723081
723026
722882
722854
722783
722628
722534
722322
721982
721914
721905
721810
721666
721611
721288
721211
721157
721082
720991
720634
720567
720320
719876
719839
719813
719795
719562
719413
719247
719228
719076
718789
718552
718441
718315
717914
717879
717854
717726
717694
717627
717602
717586
717395
717174
716954
716913
716913
716822
716788
716722
716444
716260
716224
716171
715971
715921
715742
715675
715430
715079
714853
714754
714752
714736
714721
714516
714460
714446
714420
714358
714321
714068
714031
713973
713892
713763
713736
713699
713545
713539
713468
713260
713121
713113
713057
712892
712875
712851
712652
712646
712617
712464
712424
712219
712150
712119
712041
711989
711759
711684
711651
711452
711395
711266
711212
711135
711098
710605
710568
710476
710458
710382
710363
710210
710196
710161
710141
710140
710097
710054
710045
710032
709920
709811
709607
709469
709398
709392
708967
708811
708755
708738
708713
708276
708276
708256
708230
708175
708124
707879
707838
707720
707587
707567
707530
707489
707029
707012
706972
706967
706959
706893
706664
706656
706545
706525
706324
706239
706167
706113
705917
705812
705782
705733
705574
705463
705394
705394
705274
705119
705024
704834
704710
704646
704500
704447
704379
704234
704199
703909
703897
703881
703771
703771
703688
703641
703494
703458
703434
703430
703289
703189
703146
703053
702934
702793
702783
702557
702521
702480
702466
702334
702308
702207
702115
702098
701947
701760
701646
701591
701579
701493
701461
701434
701407
701377
701353
701275
701118
701022
700896
700877
700877
700605
700583
700515
700484
700416
700415
700292
699919
699902
699893
699749
699466
699438
699388
699330
699276
699172
698901
698890
698615
698498
698357
698283
697542
697533
697490
697426
697400
697383
697359
697244
697045
696790
696579
696492
696258
696256
696139
695854
695843
695475
695469
695363
695005
694918
694494
694243
693967
693782
693618
693611
693592
693557
693503
693452
693303
693024
693001
692867
692793
692743
692690
692214
692112
692098
692087
692022
691799
691712
691705
691594
691556
691435
691414
691410
691348
691262
691226
690696
690304
690289
690226
689965
689865
689836
689791
689741
689615
689407
689380
689292
689118
689082
689069
689062
689005
688983
688883
688804
688729
688676
688553
688550
688431
688256
688249
688125
687868
687739
687578
687462
686858
686764
686761
686723
686639
686626
686367
686287
686211
686171
686063
685929
685878
685850
685786
685748
685727
685428
685318
685149
685143
685056
685022
684994
684931
684894
684810
684753
684736
684689
684565
684522
684432
684421
684302
684292
684271
684098
684082
684051
684027
683926
683886
683860
683783
683776
683605
683521
683497
683383
683121
683034
682873
682865
682719
682662
682571
682224
682198
682165
682015
681964
681943
681865
681768
681735
681703
681536
681103
681039
680953
680900
680816
680808
680766
680652
680651
680474
680366
680325
680311
680294
680191
680139
680121
680099
679928
679906
679905
679903
679708
679619
679615
679595
679528
679524
679337
679300
679272
679158
679021
678823
678789
678737
678430
678304
678100
678081
678049
677963
677744
677579
677562
677549
677478
677459
677285
677180
677133
677124
676641
676562
676261
675910
675909
675908
675855
675815
675749
675447
675355
675343
675237
675099
675084
675057
674926
674917
674526
674428
674402
674384
674356
673976
673967
673875
673784
673769
673747
673736
673670
673465
673321
673294
673286
673258
672974
672948
672924
672822
672570
672529
672450
672438
672309
672098
671972
671861
671816
671739
671657
671574
671127
671081
670942
670924
670909
670892
670869
670851
670692
670672
670668
670531
670346
670327
670240
670211
670164
670161
670148
670116
670001
669887
669670
669655
669525
669516
669496
669364
669311
669294
669143
669109
668802
668747
668706
668648
668391
668344
668231
668109
668069
668060
667947
667872
667820
667629
667546
667470
667465
667157
667120
667056
666880
666613
666597
666514
666483
666447
666401
666392
666204
666166
666065
665955
665913
665851
665658
665651
665643
665641
665598
665547
665544
665272
665194
665102
665050
665034
664905
664878
664751
664677
664656
664609
664601
664547
664422
664218
664184
664104
664101
664023
663980
663977
663818
663805
663642
663636
663612
663297
662998
662940
662780
662742
662645
662311
662304
662302
662093
662010
661943
661935
661935
661914
661897
661592
661450
661424
661333
661232
661142
661098
661092
661039
661016
660936
660926
660853
660836
660645
660493
660397
660395
660134
660088
660038
659966
659945
659868
659840
659682
659663
659620
659537
659470
659431
659428
659422
659327
659325
659235
659030
659002
658984
658945
658934
658854
658848
658802
658776
658658
658562
658492
658443
658370
658275
658200
658087
657964
657850
657693
657577
657298
657237
657086
657076
656897
656889
656883
656686
656652
656611
656611
656543
655974
655955
655895
655723
655645
655439
655325
655324
655248
655235
655232
655147
655123
654891
654846
654679
654473
654461
654450
654264
654172
654126
653958
653766
653698
653492
653417
653227
652846
652827
652737
652642
652632
652558
652375
652354
652265
652251
652075
651953
651877
651855
651847
651826
651492
651412
651374
651035
650995
650983
650931
650689
650677
650536
650517
650468
650457
650407
650372
650146
649964
649910
649872
649856
649638
649494
649493
649489
649193
649148
649124
649111
649078
649074
648981
648955
648925
648908
648895
648833
648796
648719
648695
648392
648312
648229
648153
648137
648131
648080
647980
647969
647859
647803
647799
647771
647731
647726
647558
647556
647525
647436
647353
647282
647219
646321
646122
646047
646039
645904
645688
645677
645584
645542
645386
645314
645008
644950
644668
644551
644303
644282
643993
643950
643894
643733
643696
643648
643590
643478
643330
643269
643099
643089
643079
643031
642992
642932
642544
642501
642240
642104
642023
641972
641821
641731
641635
641545
641530
641373
641360
641168
641158
640998
640994
640942
640911
640899
640874
640731
640700
640650
640641
640628
640621
640589
640407
640354
640250
640167
640017
639978
639938
639823
639776
639663
639547
639545
639439
639309
639240
639091
639069
639056
638663
638575
638550
638471
638455
638396
638234
638219
638048
637706
637650
637474
637451
637212
637177
637113
637010
637009
636921
636562
636476
636430
636327
636319
636290
636220
636166
636105
635964
635866
635785
635759
635650
635459
635415
635371
635206
635067
635063
634738
634714
634673
634669
634578
634479
634470
634113
633988
633891
633796
633662
633402
633348
633250
633164
632993
632991
632756
632624
632590
632521
632509
632189
632188
632097
631872
631822
631817
631764
631730
631723
631647
631582
631560
631541
631306
631189
630914
630818
630652
630559
630508
630501
630399
630329
630256
630039
629873
629707
629700
629548
629547
629531
629484
629340
629293
628803
628769
628721
628658
628493
628350
628273
628244
628139
628076
627815
627775
627694
627674
627555
627511
627272
627193
627063
627054
626999
626990
626931
626511
626268
626217
626195
626194
625895
625783
625599
625459
625187
625001
624637
624480
624346
624302
624302
624161
624127
624041
623939
623851
623687
623637
623455
623437
623247
623239
623180
623088
623058
623040
622878
622718
622665
622637
622416
622373
622326
622295
622229
622196
622160
622068
621924
621864
621858
621800
621585
621389
621233
621057
620991
620950
620803
620738
620702
620687
620647
620264
620029
620025
619961
619945
619882
619801
619678
619540
619538
619521
619416
619344
619157
618890
618836
618614
618465
618351
618320
618308
618278
618213
618180
618119
618099
618064
617986
617900
617751
617694
617641
617590
617556
617392
617324
616939
616754
616528
616415
616343
616239
616152
616017
616017
615994
615906
615664
615622
615524
615492
615444
615416
615407
615369
615349
615279
615165
615158
615135
614888
614867
614760
614701
614528
614303
614146
614088
614081
614053
613927
613907
613661
613582
613560
613305
613018
612852
612787
612665
612460
612347
612275
612226
612194
612193
612181
612162
611994
611957
611954
611794
611526
611466
611367
611265
610838
610473
610460
610457
610385
610362
610327
610322
610165
610154
610054
609755
609630
609589
609436
609435
609362
609247
608922
608876
608874
608762
608699
608583
608542
608353
608052
608039
607409
607343
607046
607024
607024
607018
606751
606563
606430
606389
606376
605977
605783
605692
605661
605342
605328
605164
604910
604821
604788
604765
604579
604554
604493
604418
604353
604164
604157
604137
604092
603691
603513
603493
603444
603443
603416
603340
603261
603180
602795
602635
602614
602520
602518
602459
602431
602414
602154
602044
601928
601722
601550
601246
601233
601213
600889
600649
600607
600602
600580
600389
600382
600375
600302
600219
600152
599713
599683
599663
599558
599528
599212
599069
599031
598829
598749
598537
598511
598385
598348
598214
598189
598125
598040
598020
597864
597776
597687
597624
597467
597382
597381
597377
597363
597326
597247
597177
596978
596720
596687
596653
596649
596624
596591
596504
596394
596364
596357
596140
595976
595956
595607
595538
595472
595247
595207
595098
595020
595015
594900
594812
594786
594668
594615
594596
594591
594570
594533
594468
594275
594065
593904
593900
593661
593651
593444
593331
593328
593197
592871
592788
592778
592721
592719
592712
592506
592347
592148
592092
591973
591962
591916
591822
591764
591609
591511
591471
591466
591434
591359
591344
591330
591296
591272
591240
591235
591217
591064
590996
590892
590793
590718
590479
590447
590407
590388
590277
590202
590086
590083
590066
590055
589983
589855
589799
589640
589637
589608
589332
589323
589244
589230
589041
589016
588955
588864
588599
588528
588508
588483
588377
588055
588055
587985
587984
587683
587639
587624
587463
587394
587258
587126
587061
586924
586485
586388
586221
586179
586133
585983
585961
585814
585787
585669
585629
585553
585537
585447
585186
585133
585039
584968
584835
584590
584517
584437
584395
584361
584215
584098
583822
583797
583748
583586
583560
583515
583381
583275
583221
583135
583041
583035
583004
582866
582848
582824
582555
582473
582473
582443
582402
582322
582213
581973
581888
581847
581829
581733
581564
581424
581270
581257
581134
580909
580817
580352
580295
580157
580016
580011
579940
579760
579662
579592
579521
579360
579338
579191
579064
579034
578987
578938
578767
578760
578622
578509
578506
578284
578236
578213
578158
578102
577980
577893
577885
577793
577739
577592
577428
577407
577277
577218
577068
576775
576768
576651
576626
576621
576481
576454
576446
576399
576134
576031
576007
575839
575739
575670
575620
575439
575427
575415
575398
575366
575322
575274
574981
574737
574538
574407
574402
574131
574109
574019
573766
573757
573739
573637
573470
573441
573189
573073
573043
572445
572334
572205
572159
572045
571941
571904
571818
571758
571555
571515
571493
571481
571444
571380
571353
571251
571243
571235
570305
570221
570091
570081
570012
569994
569876
569866
569828
569786
569706
569685
569569
569538
569528
569442
569438
569382
569237
568891
568837
568600
568536
568361
568301
568202
568179
568114
567977
567960
567885
567772
567707
567689
567668
567647
567545
567541
567493
567216
567067
567056
566848
566787
566675
566568
566516
566476
566408
566358
566148
566061
565987
565837
565813
565791
565522
565503
565449
565348
565348
565270
565057
564830
564726
564663
564598
564513
564497
564389
564160
563958
563817
563702
563656
563501
563412
563402
563396
563329
563327
563115
563106
563043
562972
562941
562868
562858
562740
562656
562631
562491
562418
562333
562314
562274
562218
562129
561951
561679
561666
561606
561509
561270
561259
561211
561014
560994
560904
560736
560519
560359
560352
560193
560086
559791
559612
559611
559606
559587
559423
559381
559352
559257
559114
558980
558886
558676
558552
558537
558275
558274
557970
557771
557692
557684
557621
557581
557576
557435
557277
557016
556947
556748
556734
556645
556602
556512
556480
556442
556328
556204
556179
556036
555957
555937
555880
555823
555731
555572
555564
555548
555438
555437
555389
555379
555114
555039
554950
554939
554783
554775
554671
554660
554630
554212
554029
553794
553737
553679
553670
553642
553501
553447
553442
553436
553286
553274
553083
552851
552566
552540
552502
552398
552321
552293
552202
552168
552093
551883
551795
551769
551508
551451
551361
551360
551304
551048
550883
550844
550792
550696
550652
550598
550522
550450
550426
550421
550333
549932
549898
549772
549711
549693
549639
549562
549545
549475
549465
549436
549374
549220
549058
549055
548855
548810
548791
548770
548590
548462
548427
548362
548227
547938
547861
547830
547626
547575
547561
547293
547281
547186
547036
546962
546918
546911
546896
546858
546665
546607
546592
546549
546505
546484
546377
546226
546217
546158
546092
545997
545972
545670
545667
545563
545470
545455
545430
545259
545072
544738
544633
544561
544477
544346
544300
544115
544100
544061
544047
543989
543945
543921
543836
543766
543529
543278
543257
543230
543181
542976
542958
542883
542743
542433
542103
541954
541761
541740
541622
541555
541334
541297
541050
541018
540944
540885
540837
540683
540678
540664
540450
540389
540367
540359
540089
540074
540046
539977
539830
539777
539771
539756
539466
539347
539340
539260
539230
539168
539144
539063
539046
538970
538766
538757
538638
538611
538518
538426
538416
537864
537806
537785
537778
537693
537676
537561
537471
537068
537016
536708
536685
536499
536474
536401
536295
536221
536124
536006
535999
535745
535700
535591
535323
534952
534794
534751
534557
534393
534353
534276
534264
534015
533835
533830
533807
533755
533728
533285
533268
533176
533096
533037
532975
532844
532524
532507
532315
531947
531927
531922
531899
531694
531439
531399
531212
531179
531060
530924
530684
530489
530477
530473
530450
530408
530354
530236
530186
529954
529877
529873
529860
529790
529737
529355
529209
529113
529032
528779
528731
528678
528402
528289
528288
528224
528103
527999
527914
527814
527734
527716
527708
527635
527625
527611
527517
527484
527205
527133
527077
527021
526961
526830
526730
526656
526538
526482
526391
526363
526342
526072
525757
525609
525591
525567
525536
525502
525271
525115
525105
525060
525020
524918
524863
524795
524723
524217
524072
524032
523804
523791
523687
523608
523496
523321
523207
523051
522986
522956
522705
522664
522402
522371
521763
521631
521609
521440
521227
521166
521127
520988
520777
520774
520712
520461
520424
520388
520150
520116
519901
519713
519615
519564
519218
519154
519150
519049
518915
518890
518825
518698
518674
518563
518459
518428
518267
518261
518180
518128
518100
518006
517993
517976
517915
517575
517392
517317
517113
516958
516799
516755
516461
516453
516311
516241
516064
516012
515922
515907
515772
515632
515631
515470
515470
515366
515306
515215
515060
515010
514982
514898
514747
514648
514519
514073
514009
513996
513760
513713
513630
513446
513436
513391
513293
513173
513160
513112
513098
513074
513019
512766
512619
512586
512532
512529
512529
512485
512469
512354
512301
512233
512031
511782
511757
511426
511381
511301
511260
511185
511173
511066
510874
510855
510840
510817
510765
510732
510626
510560
510546
510376
510369
509999
509847
509827
509747
509689
509655
509609
509504
509415
509341
509337
509315
509275
509036
508905
508631
508509
508411
508353
508320
508289
508145
507856
507789
507687
507675
507621
507585
507563
507550
507531
507445
507424
507183
507114
507002
506880
506733
506411
506375
506259
506226
505938
505925
505891
505580
505505
505485
505397
505252
505177
505135
505107
505102
505037
504650
504633
504585
504509
504359
504258
503971
503930
503748
503591
503285
503233
503181
503178
503048
503044
502976
502763
502656
502626
502595
502466
502301
502280
502236
502208
502125
502086
502014
501984
501888
501765
501328
501174
501083
500961
500957
500926
500794
500644
500335
500326
500189
500114
500013
499822
499807
499579
499422
499325
499305
499292
498966
498965
498913
498877
498825
498665
498554
498369
498352
498018
497893
497790
497775
497621
497547
497461
497435
496933
496897
496873
496364
496297
496198
496183
496038
495855
495778
495678
495607
495164
495111
494863
494846
494759
494675
494628
494610
494595
494562
494061
494009
493987
493902
493805
493719
493628
493494
493406
493281
493093
493064
492910
492687
492486
492455
492419
492368
492342
492169
491985
491977
491879
491725
491471
491447
491293
491138
491087
491070
491036
491022
491021
490911
490886
490772
490726
490576
490470
490340
490299
490076
490021
489972
489897
489732
489649
489350
489187
489170
489033
488975
488904
488844
488665
488243
488222
488214
488133
487964
487908
487525
487389
487378
487300
487180
487148
486905
486872
486676
486650
486562
486545
486535
486465
486435
486115
485938
485815
485707
485656
485614
485514
485375
485120
485023
484959
484844
484828
484811
484765
484672
484616
484587
484515
484398
484321
484272
484267
484199
484162
484147
484120
484095
483916
483809
483743
483610
483518
483454
483334
483224
483155
483149
483106
483075
483034
483021
482782
482765
482722
482657
482638
482600
482553
482459
482404
482121
482076
482068
481799
481521
481519
481426
481404
481309
481305
481304
481171
481003
480927
480743
480728
480695
480656
480468
480455
480299
479873
479540
479483
479417
479357
479285
479215
479139
478985
478985
478929
478922
478734
478704
478611
478409
478258
478164
478136
477965
477845
477785
477677
477512
477381
477274
477127
477048
476955
476760
476737
476649
476542
476477
476445
476344
476335
476335
476324
475950
475697
475566
475565
475249
475248
475090
475055
475011
474999
474955
474882
474736
474588
474537
474157
474111
473992
473781
473624
473447
473430
473322
473306
472992
472988
472796
472595
472513
472407
472370
472116
472023
472007
471947
471908
471888
471566
471485
471446
471344
471275
471193
471045
471032
470977
470894
470810
470804
470795
470774
470644
470636
470316
470310
470300
470282
470187
470172
470001
469929
469836
469752
469752
469735
469663
469500
469446
469353
469170
469000
468980
468927
468898
468817
468749
468710
468517
468319
468302
468283
468272
468263
468201
468198
468117
467995
467957
467682
467596
467541
467440
467190
467179
467126
467109
467045
466864
466821
466687
466535
466508
466399
466395
466340
466298
466163
465945
465838
465531
465453
465162
465139
465131
465070
464998
464937
464811
464774
464738
464641
464634
464411
464264
464235
463802
463387
463383
463373
463360
463015
462978
462904
462641
462627
462626
462615
462606
462572
462499
462334
462268
462264
462216
462208
462207
461492
461457
461454
461400
461364
461345
461308
461283
461226
461192
461046
460919
460882
460793
460509
460385
460380
460365
460181
460146
460066
460055
460036
459959
459839
459746
459548
459479
459425
459390
459344
459294
459263
458903
458807
458528
458207
458061
458047
457936
457390
457287
457183
457000
456935
456929
456834
456484
456483
456444
456376
456094
455704
455402
455376
455202
455035
454868
454706
454679
454677
454671
454561
454503
454455
454250
454181
454137
454049
453733
453576
453534
453231
453191
453154
452719
452669
452617
452483
452424
452418
452304
452163
452137
452082
452030
452028
452018
451845
451791
451654
451621
451533
451519
451479
451467
451420
451227
451135
451087
451065
451047
450949
450849
450726
450599
450589
450580
450578
450553
450364
450359
450326
450249
450106
450088
450085
450019
449989
449983
449959
449931
449867
449846
449564
449545
449478
449243
449207
449110
449007
448977
448747
448665
448434
448393
448326
448287
448200
447801
447678
447599
447387
447369
447202
447126
447049
447017
446893
446793
446318
446182
446104
446093
446047
446018
445919
445686
445531
445521
445302
445296
445188
445028
444946
444929
444876
444823
444699
444609
444523
444496
444386
444111
444063
443919
443796
443738
443672
443668
443399
443368
443217
443141
443094
443078
442991
442819
442783
442719
442613
442448
442341
442025
442004
441995
441977
441899
441844
441703
441702
441626
441397
441268
441218
441214
441177
440985
440979
440829
440813
440303
440244
440164
439843
439842
439756
439713
439707
439680
439551
439490
439465
439399
439205
439129
438843
438761
438533
438503
438448
438255
438045
437864
437845
437710
437643
437517
437515
437422
437398
437201
437037
437017
436539
436510
436417
436274
436268
436178
436108
435929
435900
435650
435619
435489
435476
435439
435431
435081
435077
435026
434718
434632
434605
434337
434251
434206
434149
434138
434090
434015
433968
433690
433641
433627
433465
433230
433045
433021
432953
432920
432681
432632
432606
432505
432433
432411
432406
432393
432382
432364
432273
432214
432066
431889
431880
431844
431585
431575
431545
431488
431140
431130
431101
431092
430959
430930
430711
430644
430398
430062
429746
429726
429478
429458
429217
429079
429027
429004
428845
428757
428753
428456
428385
428330
428246
428215
428195
428088
428065
428029
427938
427688
427646
427577
427213
427018
426989
426883
426851
426672
426640
426627
426594
426557
426356
426252
426096
425927
425925
425737
425702
425672
425503
425501
425374
425364
425219
424889
424874
424747
424678
424666
424524
424513
424433
424402
424276
424223
424212
424178
423972
423867
423787
423683
423659
423551
423444
423400
423276
423148
422794
422764
422622
422458
422457
422372
422280
422144
422001
421984
421919
421902
421888
421820
421817
421776
421601
421585
421262
421017
420943
420884
420667
420573
420553
420541
420393
420184
420181
420088
420052
419814
419756
419606
419236
419218
419109
419035
419032
418887
418818
418816
418806
418751
418735
418700
418588
418364
418324
418248
418223
418175
417958
417950
417863
417786
417605
417565
417499
417379
417173
417133
416937
416928
416910
416904
416770
416740
416651
416278
416211
416147
416051
415856
415642
415599
415595
415565
415376
415317
415279
415244
415211
415069
414915
414780
414776
414643
414607
414543
414534
414352
414320
414117
413973
413800
413779
413778
413776
413727
413616
413615
413471
413239
413153
413146
412754
412491
412468
412401
412395
412355
412321
412040
411955
411931
411925
411810
411624
411607
411325
411273
410765
410747
410741
410691
410238
410235
410182
410035
410015
409959
409606
409441
409382
409339
409315
409260
409128
408980
408725
408701
408633
408532
408528
408264
408090
407836
407783
407509
407437
407355
407240
407224
407204
407023
406749
406659
406627
406574
406476
406419
406303
406237
406195
405989
405883
405343
405255
405220
405044
405032
404938
404898
404761
404742
404722
404704
404618
404603
404505
404278
404164
404149
403976
403971
403945
403892
403882
403816
403796
403736
403706
403646
403542
403272
403253
403216
403215
403169
402925
402664
402603
402554
402483
402365
402345
402320
402254
402211
402116
402072
401928
401809
401596
401564
401545
401286
401227
401199
401124
400562
400506
400471
400141
400058
399869
399771
399663
399608
399509
399403
399234
399067
398857
398740
398703
398589
398427
398336
398295
398249
398238
398110
398027
398006
397999
397980
397907
397906
397891
397858
397854
397853
397452
397336
397309
397192
396942
396888
396805
396789
396692
396646
396483
396384
396334
396253
396202
396162
396151
395995
395984
395867
395813
395686
395680
395538
395520
395509
395391
395319
395261
395166
395117
394872
394711
394460
394324
394288
394183
393947
393637
393293
393266
393258
393177
392985
392748
392614
392602
392515
392498
392465
392430
392408
392253
392252
392157
392142
392114
392109
391970
391928
391773
391315
391115
390990
390971
390936
390471
390405
390313
390240
390221
390185
390162
390007
389708
389671
389596
389587
389576
389539
389155
388638
388415
388377
388368
388359
388135
387975
387952
387272
387222
387199
387030
386819
386810
386767
386747
386717
386676
386179
386152
385956
385915
385690
385571
385147
384839
384838
384830
384592
384589
384542
384440
384427
384287
384244
384229
384208
384019
383992
383863
383807
383615
383556
383555
383538
383517
383477
383293
383257
383187
383150
383075
383022
382946
382907
382699
382680
382639
382636
382595
382108
382033
382009
381855
381643
381568
381358
381186
381131
381117
381063
380954
380875
380834
380814
380745
380700
380609
380472
380438
380144
380077
380019
380002
379823
379450
379442
379352
379340
379265
379118
379022
379022
378938
378934
378927
378855
378691
378608
378552
378475
378160
378129
378115
378061
377960
377877
377850
377757
377557
377555
377479
377475
377459
377381
377368
377342
377220
377160
377156
377112
377083
377062
376943
376714
376368
376366
376360
376288
376223
376104
376081
375913
375765
375519
375461
375381
375349
375303
374823
374757
374556
374420
374377
374341
374331
374145
374126
374001
373741
373626
373593
373414
373409
373325
373304
373246
373237
373126
373095
373089
373058
373054
372996
372941
372866
372747
372708
372582
372338
372337
372106
371877
371861
371796
371774
371756
371713
371701
371570
371533
371488
371412
371407
371321
371258
370804
370781
370779
370668
370475
370187
370091
369999
369946
369908
369803
369752
369675
369670
369456
369375
369263
369257
369249
369209
369204
368813
368752
368741
368737
368430
368421
367939
367905
367904
367901
367802
367757
367687
367669
367456
367380
367291
367029
366963
366929
366550
366480
366348
366292
366241
366212
366112
365929
365910
365862
365830
365673
365548
365462
365161
365140
365095
365053
364836
364724
364656
364607
364542
364491
364443
364364
364333
364266
364250
364230
364211
364170
363675
363574
363539
363478
363281
363233
363096
362946
362842
362836
362687
362592
362592
362257
362255
362000
361940
361884
361875
361748
361632
361428
361404
361176
360928
360881
360859
360748
360745
360656
360638
360533
360386
360334
360303
360303
360234
360181
360142
360141
359920
359883
359699
359696
359665
359656
359410
359311
359194
359005
358905
358881
358829
358828
358648
358646
358631
358407
358242
357742
357693
357612
357572
357516
357493
357427
357282
357190
357105
356629
356612
356550
356537
356476
355994
355859
355837
355777
355567
355508
355440
355380
355366
355181
355034
354979
354699
354660
354495
354478
354418
354283
354221
353782
353673
353479
353351
353226
353202
353008
352764
352707
352666
352645
352478
352292
352290
352272
352267
352194
351958
351951
351849
351804
351595
351416
351254
351160
350948
349869
349678
349612
349586
349502
349464
349149
349090
349035
348998
348991
348847
348750
348574
348515
348379
348373
348352
347841
347777
347622
347613
347472
347458
347433
347312
347237
347233
347091
346838
346822
346577
346505
346470
346369
346307
346292
345952
345930
345760
345756
345718
345484
345280
345263
345210
345105
345050
344802
344697
344666
344640
344262
344038
343887
343771
343712
343596
343568
343537
343443
343410
343295
343252
343209
342913
342747
342641
342542
342410
342310
342177
342158
341897
341671
341408
341202
341188
340917
340683
340482
340344
340260
340255
340217
340075
340050
339961
339874
339760
339440
339391
339141
338980
338969
338697
338612
338530
338382
338375
338275
338231
338180
338139
337939
337624
337542
337501
337429
337407
337163
337126
337124
337042
336988
336871
336729
336532
336526
336517
336510
336484
336387
336364
336312
336264
336141
336102
335966
335922
335910
335896
335670
335618
335441
335416
335401
335269
335127
335117
335039
334874
334725
334624
334516
334484
334398
334267
334250
334207
334186
334113
334109
334048
334011
333969
333936
333907
333766
333630
333566
333391
333366
333343
333263
333219
333127
332831
332641
332560
332505
332479
332276
332205
332131
332063
332026
331809
331759
331706
331591
331401
331229
331229
331009
330982
330844
330841
330774
330659
330631
330440
330382
330035
329977
329972
329915
329732
329700
329648
329568
329562
329517
329333
329305
329186
329097
329050
329031
328910
328761
328610
328588
328520
328489
328411
328374
328173
328131
327767
327713
327624
327591
327582
327174
327088
327021
326956
326723
326698
326602
326438
326414
326366
326333
326310
326262
326204
326051
325926
325906
325680
325665
325607
325525
325464
325334
325176
325112
324856
324822
324655
324653
324203
324171
324096
324071
324068
323985
323959
323849
323744
323651
323622
323375
323369
323165
322875
322815
322626
322594
322580
322516
322508
322358
322314
322274
322262
322076
322057
322046
322011
321854
321822
321661
321606
321603
321546
321427
321347
321185
321171
321084
320969
320902
320848
320768
320717
320516
320477
320226
320054
319970
319899
319830
319799
319583
319504
319242
319177
319154
319051
319004
318979
318968
318911
318877
318857
318728
318677
318372
318241
318233
318141
318102
317986
317849
317713
317420
317089
317051
316820
316778
316741
316682
316571
316513
316512
316463
316458
316314
316279
316221
315993
315882
315849
315707
315637
315611
315505
315313
315256
315217
315145
315133
315130
315046
315031
314942
314863
314811
313725
313618
313560
313525
313522
313522
313510
313491
313445
313441
313282
313155
313133
312978
312598
312561
312427
312306
312242
312228
312186
312066
311938
311830
311739
311567
311433
311311
311308
311051
311030
310991
310916
310887
310832
310654
310569
310551
310501
310499
310491
310406
310402
310216
310102
310005
309888
309808
309710
309665
309590
309354
309346
309269
309249
309244
309099
309068
308975
308960
308913
308875
308866
308513
308471
308438
308409
308368
308338
308312
308211
308157
308156
308075
307967
307851
307838
307835
307473
307456
307371
307258
307180
307087
307049
307042
306956
306945
306917
306884
306458
306338
306234
306174
306170
306089
306004
305900
305891
305881
305821
305679
305589
305528
305451
305274
305068
305053
305005
304956
304835
304627
304612
304597
304334
304274
304122
304083
303997
303862
303671
303596
303545
303317
303244
303210
303164
303140
303015
302985
302966
302939
302903
302815
302495
302421
302391
302224
302159
302123
302065
301943
301737
301616
301522
301230
301178
301092
300998
300958
300696
300562
300538
300101
299951
299850
299831
299755
299727
299695
299574
299557
299119
298838
298787
298757
298756
298695
298641
298240
298023
297821
297793
297739
297616
297585
297489
297479
297441
297401
297273
297134
297108
297007
296967
296730
296631
296622
296469
296399
296316
296250
296185
295916
295736
295669
295506
295446
295418
295370
295308
295191
295180
295159
294897
294803
294795
294720
294632
294608
294549
294495
294461
294388
294233
294131
294108
293914
293808
293758
293689
293574
293559
293427
293193
293080
292982
292934
292862
292827
292807
292664
292478
292403
292341
292051
292030
292000
291966
291947
291804
291797
291767
291744
291721
291709
291686
291620
291442
291256
291155
291052
290858
290796
290507
290331
290298
290267
290092
290068
289933
289916
289650
289646
289587
289343
289297
289184
289010
288998
288980
288967
288838
288803
288710
288629
288539
288516
288484
288424
288395
288296
288266
288240
288208
288137
287716
287280
287230
287160
286999
286890
286883
286874
286845
286540
286521
286380
286038
285709
285702
285549
285474
285444
285311
285095
284793
284791
284751
284644
284500
284479
284472
284413
284312
284286
284214
284107
284055
283977
283920
283895
283809
283730
283568
283548
283548
282978
282808
282395
282278
282199
282135
282124
282012
281900
281723
281693
281674
281647
281605
281526
281405
281351
280937
280833
280811
280797
280587
280467
280354
280315
280051
279856
279748
279654
279605
279588
279579
279527
279450
279354
279264
279182
279165
279055
278850
278297
278252
278214
278185
278179
278147
278090
278037
278021
278001
277856
277846
277773
277692
277652
277614
277543
277508
277491
276991
276925
276834
276813
276728
276574
276473
276410
276346
276194
276173
275964
275955
275699
275505
275304
275066
275054
275017
274928
274847
274828
274740
274559
274374
273987
273939
273912
273870
273794
273638
273577
273436
273161
273158
273101
272849
272817
272691
272690
272643
272508
272349
272344
272287
272236
271923
271923
271815
271534
271509
271443
271365
271272
271131
271045
270876
270860
270838
270821
270766
270535
270391
270287
270184
270171
270154
270112
269892
269848
269847
269830
269828
269801
269780
269720
269647
269526
269251
269081
268957
268910
268663
268547
268530
268476
268372
268346
268250
268226
268168
267922
267686
267654
267516
267463
267435
267365
267359
267210
267117
267046
266958
266944
266856
266715
266541
266474
266387
266138
266107
265971
265852
265814
265786
265732
265551
265456
265421
265407
265355
265349
265308
265302
265250
265089
265088
264969
264917
264446
264437
264215
264152
263932
263882
263817
263533
263529
263470
263450
263410
263382
263301
263262
263089
263045
263020
262902
262809
262804
262787
262662
262575
262489
262472
262429
262423
262286
262140
261977
261932
261728
261685
261538
261398
261289
261255
261141
261085
260927
260816
260775
260700
260447
260432
260411
260366
259975
259952
259938
259819
259617
259605
259561
259520
259464
259447
259446
259382
259309
259153
259143
259118
259067
259014
258862
258771
258768
258756
258750
258728
258724
258597
258536
258446
258268
258256
258198
258108
258042
258008
257955
257743
257691
257655
257286
257172
257159
257071
257049
256681
256647
256642
256638
256488
256474
256357
256229
256205
256110
256035
256034
255991
255586
255312
255192
255185
254974
254753
254604
254592
254177
253902
253870
253849
253748
253704
253666
253579
253459
253295
253245
253182
252833
252665
252651
252616
252584
252427
252332
252264
252240
252161
252157
252128
252017
252007
251996
251887
251875
251833
251810
251804
251788
251749
251624
251585
251562
251515
251199
250899
250837
250800
250630
250605
250592
250450
250442
250228
250017
250011
249991
249974
249603
249576
249372
249350
249215
249083
248638
248611
248215
248165
248022
248015
247700
247593
247427
247388
247312
247305
247169
247088
247053
246906
246761
246657
246587
246451
246259
246128
246073
245935
245915
245869
245650
245639
245336
245199
245155
245043
245030
245021
244960
244944
244878
244752
244732
244630
244546
244391
244345
244310
244213
244188
244000
243916
243790
243581
243554
243456
243454
243407
243293
243196
243137
243094
243080
242708
242560
242524
242482
242449
242432
242314
242283
242036
241860
241698
241624
241588
241565
241536
241415
241344
241344
241117
240912
240826
240748
240692
240573
240562
240541
240488
240363
240236
240216
240178
240052
240019
239873
239820
239813
239736
239604
239603
239562
239388
239308
239290
239148
239069
238899
238886
238873
238707
238647
238609
238604
238600
238540
238525
238524
238497
238442
238414
238392
238367
238305
238180
238076
238013
237910
237693
237666
237450
236972
236910
236853
236592
236592
236494
236248
236239
236234
236149
236114
236034
235973
235845
235638
235494
235187
235140
235138
235103
235006
235002
234932
234719
234623
234599
234585
234229
234212
234135
234066
233884
233716
233703
233655
233648
233477
233378
233303
233123
233041
232972
232951
232699
232663
232605
232526
232497
232405
232221
232172
232126
231982
231672
231602
231447
231152
231138
231136
231053
230949
230911
230846
230759
230750
230732
230667
230538
230438
229935
229638
229637
229553
229476
229412
229327
229276
229254
229201
229197
228726
228702
228662
228548
228524
228504
228428
228064
228046
227950
227850
227802
227638
227600
227580
227571
227519
227492
227410
227359
227126
226892
226846
226831
226722
226715
226478
226424
226228
225985
225916
225782
225762
225601
225573
225401
225331
225310
225252
225063
224760
224695
224505
224476
224470
224390
224320
224135
224020
223829
223631
223622
223465
223356
223151
222989
222809
222459
222426
222384
222080
221772
221709
221706
221666
221543
221533
221468
221418
221369
221347
221190
221168
220913
220754
220603
220523
219916
219841
219729
219416
219359
219350
219245
219060
218840
218706
218702
218669
218615
218491
218465
218449
218098
218076
218038
217737
217691
217458
217449
217346
217077
216991
216899
216562
216384
216355
216277
216101
216092
216086
215747
215564
215506
215501
215497
215429
215288
215174
214926
214908
214722
214716
214711
214672
214646
214512
214500
214431
214085
213915
213911
213654
213622
213385
213324
213286
213264
213198
213081
213073
212966
212666
212510
212496
212420
212175
212016
211532
211508
211153
210967
210709
210676
210556
210552
210538
210508
210477
210462
210460
210147
210125
209969
209940
209912
209668
209502
209461
209456
209435
209419
209377
209345
209223
209217
209135
209091
209078
209071
208775
208756
208717
208698
208636
208590
208580
208565
208073
208033
207684
207548
207194
207166
207122
206834
206708
206706
206344
206317
206100
206082
205940
205453
205447
205447
205384
205126
205110
205106
205052
204977
204911
204887
204815
204792
204759
204545
204502
204477
204422
204363
204304
204286
204286
203987
203985
203700
203675
203660
203611
203453
203424
203121
202674
202568
202561
202516
202503
202211
202152
202061
201987
201816
201308
201192
200975
200836
200781
200727
200434
200263
200259
200205
200002
199981
199968
199932
199848
199758
199672
199670
199635
199261
199081
199010
198904
198801
198740
198739
198721
198642
198622
198581
198561
198446
198112
198080
197851
197739
197551
197465
197375
197099
197015
196952
196802
196761
196502
196443
196431
196356
196323
196299
196208
196095
196063
195843
195509
195467
195375
195116
195048
195045
195044
194809
194759
194593
194508
194376
194360
194359
194272
194196
194050
194044
194003
193938
193628
193591
193119
193061
193054
192953
192516
192485
192420
192310
192308
192201
192174
192170
192007
191976
191932
191856
191822
191596
191583
191497
191419
191418
191210
191161
191159
191149
190877
190621
190368
190199
190168
190168
190084
190015
189960
189872
189745
189740
189544
189532
189404
189325
189263
189115
188925
188638
188564
188447
188342
188164
187998
187952
187834
187776
187526
187410
187370
187211
187161
186970
186952
186949
186940
186880
186804
186761
186709
186686
186653
186627
186572
186572
186471
186383
186283
186163
185696
185635
185537
185445
185415
185390
185228
184882
184865
184799
184742
184705
184619
184541
184513
184428
184394
184377
184357
184143
184090
183643
183462
183357
183347
183176
183072
183069
182744
182647
182617
182611
182604
182599
182496
182495
182344
182178
182033
181996
181855
181756
181696
181601
181594
181420
181400
181252
181235
181117
180891
180868
180682
180655
180508
180431
180295
180268
179836
179760
179732
179684
179399
179128
179115
179106
179098
178980
178839
178744
178646
178564
178474
178474
178448
178430
178401
178380
178038
177920
177737
177643
177598
177508
177497
177326
177310
177268
177239
177238
177211
177162
176922
176822
176722
176691
176479
176376
176278
176135
175892
175708
175607
175595
175483
175478
175219
175072
175069
175051
175043
174695
174572
174531
174402
174383
174290
174113
174101
174064
173978
173662
173555
173373
173344
173286
173284
173252
173224
172966
172947
172933
172887
172738
172717
172707
172569
172555
172537
172485
172481
172440
172373
172361
172297
172286
172266
172206
172120
172076
171836
171775
171640
171617
171556
171551
171451
171439
171436
171363
171358
171336
171293
171195
171168
171103
170976
170957
170848
170578
170346
170332
170211
169926
169848
169843
169834
169734
169686
169686
169673
169526
169522
169488
169414
169224
169128
169119
169036
168991
168973
168770
168714
168550
168390
168365
168286
168202
167753
167744
167684
167625
167302
167278
167083
166939
166925
166924
166900
166658
166563
166242
166240
166227
166070
166017
165926
165916
165910
165820
165558
165504
165103
164840
164763
164721
164710
164665
164407
164371
164268
164137
164108
164027
163993
163892
163757
163685
163360
163263
163061
163044
163017
163013
162992
162813
162768
162744
162697
162630
162571
162484
162419
162344
162344
162197
162124
161953
161936
161926
161909
161797
161762
161513
161459
161415
161260
160935
160905
160891
160885
160844
160786
160722
160510
160362
160355
160262
160067
160055
159983
159765
159761
159601
159514
159501
159427
159391
159243
158950
158929
158844
158823
158794
158577
158557
158406
158381
158367
158348
158252
158109
158071
158053
158038
157836
157808
157733
157692
157462
157437
157392
157327
156939
156784
156699
156642
156544
156396
156306
155987
155916
155858
155825
155817
155753
155741
155534
155326
155229
155176
155126
154900
154619
154609
154589
154533
154437
154294
154043
153898
153825
153759
153660
153654
153342
152928
152822
152793
152704
152525
152346
152263
152210
151958
151787
151753
151555
151532
151408
151358
151310
151233
151033
151031
150825
150762
150680
150583
150553
150458
150396
150326
150322
150147
150127
150114
149912
149706
149616
149487
149397
149334
149231
149146
149091
148906
148885
148873
148872
148790
148761
148692
148617
148547
148519
148506
148409
148385
148054
147901
147817
147787
147702
147555
147498
147442
147273
147197
147191
146973
146935
146910
146638
146368
146247
146230
146200
146116
146002
145750
145719
145486
145463
145419
145411
145238
145145
145040
144678
144571
144488
144342
144251
144210
144075
144071
144039
144019
144000
143974
143960
143774
143647
143618
143475
143455
143377
143047
142946
142856
142771
142723
142562
142500
142351
142306
142092
142035
141945
141920
141880
141799
141737
141674
141635
141561
141471
141443
141206
141186
141051
140923
140810
140607
140500
140493
140452
140396
140183
139587
139559
139417
139324
139200
139127
139059
139021
138998
138664
138635
138498
138222
138166
138106
138052
138044
138012
137956
137900
137730
137689
137624
137508
137432
137391
137333
137225
137117
137006
136915
136754
136653
136420
136348
136295
136268
136241
136203
135955
135931
135928
135804
135581
135418
135319
135317
135208
135127
135110
135062
134776
134724
134441
134430
134404
134388
134349
134116
134053
133988
133756
133661
133554
133495
133434
133383
133357
133336
133302
133210
133175
132959
132928
132761
132758
132599
132473
132361
132231
132220
132218
132142
131992
131583
131561
131398
131383
131347
131244
131029
131010
131008
130830
130810
130725
130501
130460
130021
130017
129869
129687
129677
129649
129634
129402
129329
129190
129082
128961
128934
128859
128718
128636
128470
128369
128289
128234
128184
128032
128014
128003
127991
127908
127841
127830
127795
127728
127683
127278
127216
127018
127010
126941
126819
126573
126559
126517
126128
126033
125870
125708
125660
125656
125638
125402
125140
125124
125056
124843
124506
124497
124493
124451
124388
124234
123931
123875
123855
123805
123547
123530
123388
123176
122960
122948
122909
122712
122673
122526
122408
122332
122315
122298
122236
122074
121979
121968
121952
121940
121844
121842
121574
121553
121487
121416
121364
121328
121084
121041
120973
120855
120830
120790
120729
120541
120417
120392
120162
119744
119702
119595
119395
119082
119019
118909
118836
118724
118667
118642
118630
118628
118548
118524
118462
118407
118383
118361
118357
118253
118245
118043
118031
117997
117992
117951
117903
117860
117775
117761
117402
117270
117242
117205
117135
117096
117038
116923
116673
116633
116257
116081
115911
115878
115813
115682
115641
115606
115445
115281
115274
115237
115102
114992
114943
114707
114551
114498
114473
114463
114326
114064
113934
113799
113658
113652
113433
113421
113343
113309
113280
113221
113144
113124
113077
113047
113007
112959
112715
112700
112449
112439
112410
112364
112337
112329
111953
111706
111539
111539
111531
111500
111428
111383
111358
111315
111158
111103
111084
110998
110968
110787
110653
110603
110540
110470
110339
110201
110187
110058
110005
109969
109963
109873
109710
109669
109662
109527
109430
109377
109227
108958
108944
108921
108855
108839
108835
108779
108722
108627
108363
108345
108161
107937
107931
107904
107664
107427
107373
107297
107276
107275
107249
107071
106842
106820
106819
106701
106544
106538
106448
106421
106238
106214
106054
105967
105866
105796
105785
105666
105470
105466
105465
105364
105193
105148
105047
104906
104866
104749
104721
104716
104577
104555
104324
104316
104271
104113
104069
104047
104031
103910
103600
103258
103192
103183
103178
103136
103132
103078
103022
102868
102809
102729
102625
102508
102484
102258
102184
101900
101859
101852
101535
101316
101188
101173
101140
100924
100784
100703
100695
100657
100449
100437
100399
100392
100356
100334
100307
100287
100280
100085
100001
99934
99925
99825
99745
99673
99589
99442
99340
99311
99083
99083
99072
99027
98825
98823
98788
98758
98530
98494
98450
98307
98291
98161
98117
98094
98091
98027
98024
97634
97553
97531
97526
97499
97485
97405
97365
97233
97097
96924
96797
96788
96768
96724
96655
96577
96416
96195
95984
95716
95556
95479
95366
95245
95072
95067
95045
95020
95019
94986
94902
94843
94755
94704
94666
94518
94430
94092
94013
93962
93781
93675
93286
93174
92805
92472
92146
92109
91961
91814
91800
91713
91455
91278
91277
91073
91057
90961
90872
90678
90616
90413
90305
90224
90113
90000
89945
89896
89795
89738
89533
89508
89418
89397
89103
89093
89026
89001
88891
88841
88502
88497
88389
88307
88241
88204
88168
87972
87963
87955
87901
87770
87757
87725
87683
87621
87589
87586
87509
87438
87342
87255
87193
86972
86970
86695
86517
86412
86200
86157
86123
86107
86038
85914
85637
85624
85613
85588
85554
85419
85368
85234
85192
85177
85037
85004
84964
84810
84697
84678
84551
84435
84372
84330
83589
83583
83482
83421
83273
83015
82894
82794
82742
82726
82708
82569
82512
82364
82308
82306
82295
82201
82132
82051
82019
81851
81814
81591
81455
81397
81375
81372
81359
81280
81276
81240
81179
81069
80967
80838
80790
80764
80662
80640
80583
80455
80187
79830
79787
79682
79480
79459
79071
78749
78616
78574
78550
78464
78438
78337
78298
78286
78218
78067
78033
78009
77999
77960
77830
77810
77721
77632
77612
77563
77394
77323
77322
77152
77108
77022
76788
76749
76696
76614
76424
76229
76216
76150
76073
75967
75900
75858
75821
75813
75713
75699
75632
75563
75217
75204
75163
75155
75137
75053
75043
74562
74553
74287
74270
74252
74015
73876
73842
73441
73389
73362
73172
72964
72963
72852
72850
72799
72697
72650
72554
72499
72473
72425
72360
72344
72284
72156
72080
72027
71953
71748
71747
71713
71698
71582
71120
70999
70988
70835
70832
70721
70678
70453
70340
70331
70298
70176
70014
70012
69846
69767
69574
69502
69427
69409
69359
69141
68664
68511
68472
68283
68176
68161
67695
67692
67603
67600
67543
67486
67462
67419
67198
67105
66994
66953
66920
66787
66731
66701
66591
66069
66035
65998
65870
65666
65614
65421
65394
65389
65353
65245
65175
64842
64746
64189
63882
63705
63687
63578
63577
63565
63483
63443
63425
63362
63329
63080
62470
62151
62133
62058
61820
61816
61563
61385
61378
61296
61067
60991
60843
60794
60693
60648
60496
60374
60236
60081
59930
59865
59854
59653
59616
59303
59301
59245
59135
58921
58877
58840
58707
58629
58591
58402
58272
58252
58083
58017
57999
57856
57728
57711
57710
57703
57650
57254
57212
57209
57205
56954
56902
56829
56627
56626
56583
56539
56319
56255
55953
55949
55909
55840
55536
55466
55377
55304
55165
55024
54995
54960
54794
54780
54648
54619
54390
54364
54334
54216
54215
54204
54160
54087
53899
53832
53762
53723
53640
53366
53151
53134
53048
52991
52927
52856
52759
52681
52626
52598
52389
52360
52287
52243
52233
52127
52077
51998
51956
51932
51925
51878
51850
51796
51746
51633
51624
51591
51517
51364
51257
51083
51035
50787
50499
50405
50401
49928
49909
49909
49854
49843
49747
49724
49401
49229
48981
48832
48617
48487
48389
48289
48206
48151
48045
47898
47810
47536
47519
47506
47412
47385
47307
47166
47141
47099
47072
46930
46876
46772
46759
46744
46702
46529
46526
46052
45989
45793
45750
45527
45314
44895
44887
44762
44527
44513
44300
44251
44241
44156
44030
44010
43948
43794
43697
43526
43472
43360
43184
43111
43099
43022
42979
42952
42869
42613
42338
42338
41898
41858
41818
41664
41545
41409
41347
41299
41293
41239
41219
41140
40998
40757
40743
40615
40607
40512
40345
40290
40275
40130
40068
40048
40022
40017
39862
39784
39759
39735
39595
39563
39543
39519
39388
39011
38716
38697
38319
38237
38236
38039
38000
37908
37862
37700
37685
37682
37646
37457
37399
37344
37307
37281
37184
37104
37030
37015
36711
36621
36566
36552
36524
36248
36215
36046
35916
35779
35718
35697
35566
35410
35360
35194
35180
35147
35073
34814
34762
34650
34596
34455
34404
34364
34350
34212
34198
34085
34061
34051
33999
33985
33974
33838
33796
33750
33717
33519
33468
33413
33210
33188
33157
33070
33056
33042
32949
32811
32781
32490
32444
32282
32220
31937
31756
31743
31720
31705
31591
31426
31188
31180
31163
31141
31118
30886
30701
30671
30653
30590
30496
30247
30226
30187
30106
29950
29818
29730
29558
29224
29199
29199
29071
29024
28922
28901
28642
28479
28414
28245
28185
28184
28169
28134
28077
28041
28008
27961
27693
27676
27632
27591
27524
27456
27298
27190
26916
26728
26643
26641
26528
26477
26399
26174
26071
25907
25685
25666
25663
25309
25240
25073
25022
24979
24921
24834
24763
24758
24613
24566
24556
24433
24242
24237
24215
24162
24115
24002
23968
23902
23870
23868
23815
23704
23642
23617
23577
23533
23511
23473
23418
23304
23252
23104
23101
23098
22925
22813
22793
22748
22717
22587
22495
22462
22381
22267
22264
22223
22164
22149
22128
22108
22007
21864
21654
21512
21401
21363
21328
21247
21226
21152
21090
21056
20994
20983
20731
20567
20563
20485
20462
20432
20399
20300
20262
20140
20061
19813
19764
19753
19636
19635
19620
19591
19521
19264
19244
19199
19027
18818
18512
18342
18190
17991
17919
17904
17820
17669
17545
17476
17463
17207
17185
17170
17127
17113
16997
16837
16767
16759
16753
16632
16616
16345
16110
16067
15997
15749
15726
15488
15378
15358
15254
15083
14861
14774
14729
14180
14095
14053
13947
13768
13580
13497
13494
13323
13270
13210
13181
12984
12850
12786
12744
12500
12196
12131
12091
12086
12020
11781
11745
11738
11694
11627
11418
11355
11214
11176
11074
10985
10847
10801
10719
10121
10005
9842
9802
9790
9730
9498
9488
9482
9431
9243
9145
9142
8961
8908
8818
8613
8502
8466
8383
8200
8119
7689
7686
7643
7602
7419
7280
7163
7139
7137
6811
6605
6589
6462
6292
6287
6253
6125
6064
6000
5735
5666
5639
5507
5487
5390
5303
5293
5194
5174
5134
4834
4773
4725
4643
4607
4332
4145
4131
4118
4086
4075
3990
3641
3578
3387
3191
3101
3021
3021
2908
2817
2773
2613
2463
2310
2275
2069
2043
2028
1871
1794
1720
1653
1618
1405
1376
1137
1108
1106
776
368
346
29
17
