499647
499481
499360
498780
498650
498597
498409
498322
498289
498279
498215
498094
497990
497983
497886
497694
497624
497624
497554
497488
497396
497281
497188
497086
497064
497043
497029
496968
496925
496784
496740
496451
496330
496312
496303
496274
496232
496161
495941
495894
495742
495731
495654
495590
495522
495261
494792
494206
494074
494039
494037
493955
493851
493848
493827
493767
493760
493757
493643
493595
493553
493548
493371
493350
493324
493234
493229
493028
492894
492635
492424
492389
492387
492379
492351
492278
492262
492094
491899
491840
491688
491663
491586
491538
491395
491229
491189
491177
491017
490757
490648
490608
490603
490409
490357
490319
490120
490080
489989
489929
489907
489581
489564
489454
489343
489267
489263
489194
489186
489140
489126
489077
489029
489003
488763
488732
488590
488555
488551
488469
488182
488132
488060
487937
487936
487917
487584
487481
487162
486656
486634
486494
486371
486336
486198
486197
486122
486028
485869
485706
485635
485596
485532
485489
485364
485304
485207
484985
484809
484801
484732
484426
484354
484140
483982
483974
483742
483109
482911
482892
482876
482858
482844
482724
482696
482685
482673
482658
482571
482310
482232
482142
482029
482001
481936
481773
481693
481532
481527
481492
481331
481273
481244
481128
481040
480958
480846
480813
480729
480618
480611
480553
480469
480433
480413
480326
480301
480257
480152
480130
480108
480020
479954
479932
479819
479804
479799
479667
479526
479499
479398
479295
479233
479223
479126
478966
478894
478759
478725
478654
478526
478385
478061
477976
477963
477959
477925
477716
477594
477507
477459
477297
477240
477179
477073
477059
477040
476870
476803
476779
476711
476475
476343
476293
476269
476113
476103
476062
475973
475620
475602
475567
475524
475506
475296
475266
475261
475178
475165
474760
474660
474652
474531
474470
474381
474323
474276
474136
473933
473890
473781
473746
473648
473236
473220
473186
473126
473105
472592
472576
472553
472315
472279
472206
472120
472108
472038
471979
471917
471895
471855
471773
471660
471554
471346
471273
471127
471015
470957
470839
470747
470740
470521
470502
470407
470281
469881
469796
469612
469562
469440
469423
469393
469116
469085
469061
468919
468892
468798
468652
468466
468348
468120
468115
468108
468103
468091
467838
467798
467786
467754
467739
467726
467269
467217
467090
467050
466766
466634
466565
466425
466364
466195
466172
466165
466081
465988
465925
465892
465612
465588
465355
465346
465294
465120
465064
464961
464949
464845
464466
464443
464292
464234
464136
464067
463969
463878
463848
463845
463796
463796
463684
463682
463555
463449
463416
463269
463231
463223
463161
463103
463064
463029
463029
463014
462955
462881
462757
462735
462692
462674
462276
462075
462055
461996
461970
461955
461952
461934
461907
461834
461742
461687
461650
461403
461294
461210
461020
460806
460778
460749
460730
460716
460628
460625
460438
460310
460244
460236
460043
459999
459880
459835
459831
459644
459554
459500
459449
459306
459239
459054
458971
458804
458641
458564
458453
458208
458043
457910
457883
457848
457748
457680
457667
457621
457525
457522
457396
457313
457162
457114
456689
456687
456600
456548
456547
456277
456208
456160
456090
455963
455613
455514
455503
455396
455177
455153
454453
454249
454132
453785
453649
453591
453504
453472
452969
452904
452880
452855
452821
452574
452528
452427
452217
452149
451960
451828
451649
451491
451225
451186
451112
450955
450922
450870
450816
450582
450523
450382
450126
449833
449787
449736
449388
449353
449101
448879
448859
448844
448710
448473
448359
448354
448216
448203
448154
448100
448097
447954
447900
447828
447815
447607
447411
447257
447165
447096
446988
446882
446876
446819
446520
446506
446331
446307
446208
446180
446045
446032
445921
445907
445794
445643
445491
445488
445421
445147
445124
445113
445020
444996
444797
444701
444583
444285
444279
443992
443961
443940
443801
443778
443701
443627
443535
443497
443480
443319
443136
443123
443092
443032
442506
442307
442287
442274
442265
442017
441998
441908
441848
441753
441636
441625
441491
441243
441137
441072
440912
440888
440830
440522
440493
440468
440408
440387
440263
440247
440174
440116
439972
439743
439621
439381
439326
439260
439220
439040
438939
438778
438621
438511
438427
438325
438248
438234
438041
437900
437834
437688
437509
437494
437440
437362
437221
437131
437120
436919
436895
436778
436641
436424
436306
435995
435793
435754
435641
435600
435456
435395
435372
435258
434987
434929
434766
434718
434717
434589
434577
434482
434482
434432
434379
434317
434193
434192
433893
433702
433663
433480
433431
433396
433381
433335
433278
433214
433183
432839
432790
432705
432703
432428
432171
432071
431918
431701
431609
431578
431531
431502
431490
431177
431174
430893
430882
430877
430755
430750
430745
430709
430475
430449
430429
430428
430397
430375
430364
430330
430292
430249
430073
429972
429922
429878
429860
429799
429793
429571
429454
429413
429394
429213
429164
429152
429038
429004
428945
428883
428610
428556
428553
428423
428212
428152
427988
427942
427905
427889
427784
427751
427725
427724
427694
427335
427316
427237
427064
426970
426517
426305
426186
426130
426069
426037
426035
425924
425916
425881
425708
425703
425668
425607
425473
425312
425204
425145
424856
424750
424707
424676
424610
424489
424368
424362
424250
424179
424110
423979
423913
423615
423264
423144
423133
423074
423038
422962
422758
422675
422568
421928
421864
421856
421795
421581
421153
421018
420949
420746
420521
419979
419901
419892
419858
419670
419547
419484
419455
419415
419329
419165
419046
419045
418624
418502
418441
418403
418330
418303
418237
418237
418163
418005
417626
417626
417604
417576
417453
417232
417196
417150
417005
416861
416720
416628
416609
416449
416424
415573
415546
415497
415422
415295
415259
415215
415008
414891
414801
414354
414336
414321
414319
414276
414232
413853
413605
413562
413450
413378
413370
413316
413276
413142
413137
413136
413125
413117
413084
413084
413072
413049
412861
412827
412777
412701
412686
412658
412637
412378
412062
412000
411994
411931
411853
411790
411737
411643
411610
411542
411448
411339
411166
411043
410998
410713
410568
410563
410527
410419
410265
410184
409999
409784
409755
409740
409371
409308
409252
409217
409195
409033
408972
408810
408696
408565
408469
408351
408298
408170
408038
407967
407918
407801
407554
407435
407159
406932
406513
406513
406250
406158
405986
405947
405902
405563
405383
405341
405227
405072
404866
404850
404761
404509
404457
404431
404371
404362
404343
404303
404159
404064
404020
403855
403739
403738
403680
403545
403505
403237
403208
403164
402873
402661
402644
402599
402486
402363
402310
402310
402276
402237
402056
401947
401859
401816
401538
401462
401352
401333
401172
401083
401023
400899
400884
400757
400754
400732
400561
400351
400198
400164
400146
400135
399961
399810
399739
399667
399490
399186
399068
398786
398753
398699
398571
398302
398157
398132
398007
397922
397800
397786
397541
397538
397518
397497
397488
397435
397404
397358
397212
397151
397130
397079
396997
396963
396906
396569
396469
396431
396122
396057
395764
395546
395492
395096
394869
394745
394725
394659
394621
394610
394249
394181
394152
393955
393932
393906
393675
393250
393083
392930
392705
392646
392564
392504
392408
392391
392265
392173
392111
392094
392069
391992
391804
391597
391446
391286
391077
391074
390833
390682
390349
390330
390325
390290
390176
390031
389902
389821
389532
389459
389441
389411
389109
389044
388785
388734
388646
388400
388147
388008
387836
387810
387786
387749
387556
387451
387419
387330
387157
387127
387048
387002
386973
386683
386364
386083
385996
385995
385948
385768
385721
385692
385667
385652
385476
385328
384956
384944
384927
384720
384483
384482
384395
384362
384334
384305
384253
384253
384153
384017
383977
383951
383919
383820
383759
383691
383617
383546
383522
383451
383241
383232
383028
382862
382610
382501
382456
382436
382420
382295
382213
382201
381983
381700
381626
381511
381475
381424
381247
381223
381192
381173
381136
381031
380826
380763
380601
380580
380519
380238
380152
380023
379998
379951
379741
379386
379336
379262
379105
379030
378728
378716
378661
378601
378517
378458
378457
378401
378211
377961
377727
377724
377356
377345
377317
377302
377252
377144
377069
377060
377058
376998
376810
376716
376489
376394
376388
376350
376251
376129
375982
375913
375902
375778
375446
375434
375336
375312
375298
375210
374979
374972
374938
374848
374778
374753
374708
374186
373930
373913
373691
373661
373613
373612
373562
373556
373545
373291
373209
373125
373021
372981
372955
372843
372727
372642
372531
372429
372388
372323
372262
372246
372190
372183
372133
372125
372110
372035
372013
371973
371949
371927
371764
371585
371552
371545
371516
371488
371283
370861
370652
370565
370502
370499
370338
370160
370154
370122
370121
370068
369893
369877
369833
369185
369147
368816
368447
368415
368367
368262
367823
367599
367579
367341
367237
367202
367096
366955
366936
366882
366830
366770
366581
366577
366335
366286
366149
366085
365910
365873
365787
365606
365574
365572
365406
365354
365342
365303
365249
365249
365213
365156
365121
365117
364880
364846
364810
364802
364762
364738
364737
364633
364489
364479
364286
364085
364072
363766
363750
363356
363152
363065
363002
362883
362788
362763
362676
362496
362405
362300
362215
362185
362127
361847
361791
361738
361673
361648
361626
361331
361237
361213
360925
360885
360847
360803
360798
360742
360643
360642
360640
360369
360355
360273
359979
359912
359838
359818
359569
359365
359086
359060
358945
358691
358675
358668
358413
358226
358170
358110
358004
357919
357884
357752
357297
357266
357106
357010
356990
356882
356880
356794
356759
356464
356290
356277
356193
356106
356090
356075
356044
356011
355997
355987
355835
355511
355490
355424
355350
355319
355257
355196
355166
355108
355066
355041
354783
354092
353987
353942
353875
353822
353641
353633
353610
353584
353481
353476
353176
353153
353104
352977
352937
352833
352797
352789
352762
352725
352719
352478
352395
352302
352051
351954
351766
351552
351538
351430
351397
351238
351131
350952
350796
350760
350586
350545
350477
350364
350338
350277
350188
350159
350130
350012
349998
349989
349937
349910
349654
349400
349394
348986
348890
348871
348684
348644
348444
348352
348333
348213
348062
348004
347964
347767
347675
347462
347457
347445
347365
347338
347271
347187
347051
347021
346903
346728
346683
346510
346241
346228
346219
346135
345921
345899
345539
345534
345528
345498
345302
345243
345165
344800
344740
344705
344619
344319
344226
344205
344104
344023
344005
343948
343935
343922
343881
343880
343867
343737
343705
343651
343598
343570
343462
343451
343208
342955
342764
342753
342720
342704
342478
342474
342468
342454
342427
342263
342236
342056
341980
341929
341880
341788
341575
341433
341398
341357
341122
340798
340758
340610
340492
340334
340270
340225
340128
340117
340010
339949
339771
339584
339581
339576
339533
339509
339443
339359
339354
339349
339317
339238
339202
338964
338930
338898
338768
338531
338449
338331
338190
338084
337956
337902
337730
337381
337309
337270
337244
337219
337185
337120
337104
337088
337018
336965
336643
336581
336351
336259
336065
335984
335835
335723
335622
335531
335520
335451
335433
335384
335142
335067
335017
334951
334894
334667
334644
334136
333961
333894
333868
333810
333804
333791
333767
333622
333532
333451
333275
333208
332994
332377
332312
332235
332049
332038
331962
331872
331815
331719
331569
331345
331341
331249
331222
331110
331025
330842
330828
330812
330787
330723
330462
330248
330218
330178
330131
330079
329992
329949
329841
329831
329776
329615
329603
329532
329208
329183
329148
329082
329068
328879
328781
328733
328628
328553
328542
328424
328353
328337
328175
328158
328146
328142
328091
327864
327819
327693
327661
327617
327552
327350
327149
327077
327040
327018
327016
326971
326869
326835
326684
326614
326545
326538
326458
326421
326150
326062
326059
325684
325653
325566
325411
325317
325302
325256
325192
325174
325054
324957
324948
324886
324885
324726
324710
324637
324465
324454
324358
324308
324299
324292
324237
324050
323950
323941
323887
323834
323832
323642
323616
323372
323357
323231
323213
323192
323123
323051
322981
322880
322839
322651
322637
322621
322576
322563
322513
322410
322297
322295
322185
322183
322165
322073
321854
321825
321765
321692
321625
321257
321135
320961
320875
320728
320558
320478
320363
320287
320197
320080
320060
319979
319832
319806
319748
319709
319454
319433
319433
319412
319391
319144
319109
319101
318894
318843
318774
318741
318450
318289
318274
318142
318140
317849
317678
317675
317484
317471
317405
316973
316904
316867
316799
316673
316550
316392
316358
316242
316242
316234
316225
316146
316051
315924
315777
315705
315587
315545
315433
315416
315389
315323
315300
315277
315258
315253
315129
314997
314914
314857
314846
314825
314731
314605
314587
314418
314295
314276
314254
313825
313746
313647
313539
313435
313418
313366
313319
313239
313145
312979
312937
312907
312836
312814
312661
312609
312463
311819
311618
311400
311173
311147
310777
310602
310533
310436
310433
310113
309473
309246
309210
309092
308951
308937
308925
308631
308630
308371
308216
308207
308142
307960
307921
307803
307741
307739
307651
307581
307479
307403
307340
307018
306981
306969
306937
306889
306595
306553
306377
306376
306304
306278
306239
306235
306222
306195
306098
305976
305956
305917
305845
305730
305608
305529
305401
305294
305291
304959
304827
304777
303633
303505
303183
302583
302527
302443
302342
301977
301928
301787
301636
301618
301020
301003
300971
300907
300652
300588
300509
300369
300362
300319
300146
300084
300068
299986
299941
299932
299733
299679
299678
299254
298753
298534
298527
298369
298301
298256
298103
298043
297976
297758
297712
297687
297671
297617
297608
297569
296713
296488
296418
296110
296001
295965
295893
295797
295767
295742
295709
295689
295682
295664
295661
295416
294783
294775
294403
294376
294246
294244
294193
293885
293877
293864
293863
293793
293738
293710
293691
293583
293481
293416
293253
293190
293068
293008
293006
292992
292850
292802
292711
292481
292394
292173
292044
291989
291989
291816
291768
291729
291484
291307
291291
291076
291069
291051
290966
290909
290801
290725
290680
290656
290577
290317
290309
290290
290280
290192
289730
289569
289450
289404
289390
289330
289253
289219
289210
289109
288881
288605
288555
288510
288476
288391
288292
288236
288191
288065
288061
288048
287989
287962
287883
287721
287557
287323
287243
287217
287016
287000
286990
286924
286885
286876
286628
286544
286512
286460
286299
286251
286243
286189
286166
286107
286097
286057
285740
285721
285602
285538
285117
284955
284816
284768
284766
284670
284620
284462
284454
284384
284331
284183
284158
284031
283928
283821
283665
283485
283444
283220
283159
282814
282601
282600
282598
282582
282577
282521
282511
282458
282430
282398
282387
282381
282159
282014
281906
281629
281302
281132
281064
281049
280922
280776
280729
280710
280669
280487
280304
280264
280206
280177
280152
280142
279938
279862
279761
279657
279628
279550
279502
279406
279380
279344
279332
279072
278849
278806
278697
278499
278395
278386
278243
278231
278029
278022
277931
277910
277757
277668
277637
277585
277511
277472
277345
277242
277188
277145
277110
277028
276885
276813
276734
276530
276504
276490
276376
276331
276154
276108
276048
276046
276036
275973
275674
275580
275571
275542
275534
275485
275257
275094
275075
275024
274954
274803
274696
274670
274670
274610
274601
274593
274576
274538
274517
274101
274069
274068
274021
273995
273803
273533
273500
273477
273353
273221
273134
272992
272972
272915
272792
272427
272278
272241
272207
272163
272033
271794
271762
271521
271509
271332
271302
271217
271194
271174
271062
270811
270621
270471
270302
270155
270124
270108
269957
269909
269707
269212
268960
268898
268762
268704
268576
268534
268529
268456
268349
268302
268293
268230
268219
268161
268124
268105
267825
267741
267362
267361
267355
267300
267089
267057
266988
266880
266846
266685
266673
266656
266552
266250
266066
266025
265985
265917
265822
265623
265595
265587
265345
265238
265196
265090
265045
264961
264888
264808
264738
264486
264405
264024
263807
263799
263726
263653
263547
263465
263429
263419
263400
263394
263366
263358
263249
263208
263174
263113
262915
262886
262808
262719
262681
262506
262450
262340
262299
262121
262056
262007
261921
261904
261730
261601
261407
261313
261208
261130
261028
260985
260902
260869
260675
260515
260374
260241
260195
259965
259928
259832
259599
259543
259413
259167
258890
258831
258618
258570
258381
258351
258255
258204
258144
257975
257850
257649
257359
257302
257300
257240
257127
256970
256952
256498
256359
256269
256263
256185
256170
256130
256121
256094
255682
255605
255497
255403
255319
255216
255206
255139
255115
255103
255045
254678
254671
254580
254491
254411
254364
254307
254288
254046
254010
253985
253955
253879
253856
253844
253827
253552
253349
253299
253257
253000
252994
252723
252696
252577
252572
252493
252469
252436
252397
252349
252166
252116
252054
251846
251535
251288
251215
251099
250936
250910
250861
250719
250354
250315
250274
250274
250235
250218
250217
250185
250168
250154
250095
249763
249513
249457
249444
249409
249270
249215
249207
249193
249025
249022
248876
248859
248690
248504
248432
248397
248098
248090
248039
247984
247957
247913
247890
247882
247758
247503
247191
247141
247049
246973
246812
246700
246668
246422
246295
246223
246070
245814
245802
245729
245674
245639
245559
245556
245444
245400
245341
245332
245308
245252
245172
245131
244941
244936
244922
244840
244815
244466
244399
244387
244209
244109
244022
244017
243766
243728
243713
243632
243583
243299
243004
242754
242732
242663
242607
242575
242310
242301
242242
242164
242072
242052
241980
241924
241864
241735
241359
241226
241102
241029
240805
240601
240585
240444
240418
240414
240393
240275
240208
240096
240063
240001
239997
239967
239748
239711
239619
239243
239229
239216
239143
239130
239095
239059
238933
238781
238686
238532
238530
238098
237851
237788
237441
237425
237322
237289
237126
236947
236939
236750
236736
236617
236409
236262
236135
236124
236068
236033
235929
235855
235753
235717
235665
235636
235592
235558
235443
235223
235138
235074
235036
235030
235012
234962
234869
234827
234785
234770
234750
234703
234677
234546
234374
234353
234164
234006
233997
233950
233935
233842
233752
233512
233061
232917
232620
232580
232536
232461
232350
232308
232290
232247
231898
231880
231817
231470
231384
231354
231290
231214
231195
231070
231064
230970
230919
230892
230857
230853
230779
230754
230725
230579
230501
230374
230237
230103
230087
229941
229875
229860
229793
229656
229638
229590
229567
229545
229466
229163
228904
228837
228833
228823
228474
228414
228408
228376
228319
228294
228113
227706
227598
227492
227103
226875
226536
226327
226229
226053
226042
225856
225815
225803
225765
225637
225574
225337
225277
225256
225220
225047
224876
224686
224610
224544
224472
224358
224128
224066
224031
224023
223999
223969
223924
223923
223591
223406
223174
223072
223072
223038
223012
222983
222876
222799
222792
222424
222367
222277
222157
222050
221864
221847
221786
221776
221671
221633
221500
221308
221302
221179
221156
221000
220922
220859
220620
220613
220399
220380
220333
220228
220186
220178
220109
219997
219694
219690
219575
219484
219398
219199
218770
218629
218379
218091
217937
217879
217827
217777
217750
217646
217544
217405
217326
217311
217294
217017
216972
216878
216699
216418
216389
216311
216231
216089
216075
216019
215926
215647
215619
215524
215510
215486
215454
215224
215087
214941
214741
214672
214618
214504
214347
214173
214053
213958
213837
213659
213648
213567
213508
213463
213438
212804
212786
212531
212514
212456
212390
212222
212175
212111
212107
212047
211977
211874
211859
211690
211401
211289
211231
211155
210819
210749
210652
210630
210509
210508
210226
210210
210179
209929
209848
209842
209797
209684
209492
209346
209300
209272
209199
209059
208967
208961
208898
208843
208831
208813
208769
208740
208590
208409
208384
208002
207972
207930
207898
207795
207777
207500
207489
207396
207385
206980
206881
206872
206515
206397
206315
206191
206010
205575
205473
205470
205205
205185
205022
204970
204838
204759
204748
204659
204612
204494
204454
204257
204254
204243
204169
204150
204138
204122
203981
203908
203735
203179
202902
202875
202779
202727
202692
202655
202638
202631
202536
202436
202394
202341
202271
202230
202017
201973
201873
201869
201856
201824
201781
201730
201675
201667
201470
201343
201233
200937
200858
200809
200575
200544
200537
200487
200477
200296
200245
200243
200059
199892
199644
199422
199416
199394
199315
199234
199145
199100
199088
199032
199027
198984
198596
198331
198286
198225
198133
198085
197982
197977
197936
197907
197885
197838
197829
197821
197788
197421
197346
197309
197258
197228
197138
196970
196732
196677
196488
196309
196197
196150
196150
196040
195812
195598
195439
195197
195088
195003
194904
194877
194872
194699
194621
194589
194457
194447
194404
194357
194265
194206
194079
194062
193979
193605
193581
193489
193360
193347
193286
193139
193007
193001
192932
192808
192765
192576
192516
192471
192445
192429
192405
192392
192128
192121
192089
192027
191821
191725
191706
191680
191569
191501
191470
191286
191166
191024
190951
190811
190671
190554
190496
190422
190297
190256
190216
190187
190160
189968
189783
189752
189368
189099
189001
188926
188922
188887
188770
188601
188510
188476
188303
188143
188132
188092
188009
187939
187903
187860
187844
187754
187711
187690
187655
187505
187494
187461
187366
187334
187155
186755
186393
186392
186381
186214
186158
186120
186072
186041
185915
185822
185681
185674
185625
185559
185182
185162
185134
185041
184962
184642
184525
184413
184135
184130
184058
184049
183762
183728
183680
183651
183317
183127
182886
182870
182851
182795
182507
182338
182224
182217
182176
182101
182087
182030
182021
181872
181514
181326
181109
180830
180738
180709
180697
180578
180536
180457
180285
180257
180202
180199
180162
180034
180025
179689
179560
179529
179526
179476
179462
179433
179412
179377
179363
179287
179279
179028
178979
178978
178741
178731
178449
178432
178063
177792
177681
177667
177593
177581
177460
177307
177267
177163
177080
176985
176905
176849
176648
176591
176510
176487
176388
176342
176336
176301
176054
175757
175727
175357
175354
175240
175219
175171
175145
175076
174890
174730
174716
174517
174421
174392
174331
174286
174211
174098
174028
173939
173857
173814
173801
173748
173628
173572
173526
173509
173436
173395
172987
172817
172776
172691
172548
172525
172453
172305
172143
172028
171792
171772
171588
171569
171496
171446
171390
171336
171203
171186
170950
170873
170838
170540
170461
170209
170077
170049
169973
169846
169804
169708
169690
169674
169230
169164
169004
168918
168833
168823
168799
168541
168539
168435
168383
168307
168258
168232
168220
168201
168144
168134
168077
168063
168049
168021
167996
167923
167864
167702
167666
167588
167257
166954
166911
166886
166668
166633
166606
166586
166540
166377
166368
166233
166012
166001
165899
165776
165771
165761
165738
165691
165625
165574
165366
165231
165075
165015
164969
164837
164807
164806
164636
164618
164485
164424
164366
164008
163850
163845
163833
163764
163678
163647
163562
163494
163492
163442
163384
163362
163321
163304
163281
163099
163092
163091
163069
163007
163003
162944
162715
162646
162550
162375
162366
162321
162229
162193
162092
161988
161985
161952
161754
161734
161578
161558
161458
161452
161161
161107
161097
160962
160817
160807
160725
160638
160609
160491
160389
160339
159926
159873
159751
159709
159702
159630
159429
159405
158997
158989
158975
158853
158816
158774
158741
158666
158476
158338
158305
158299
158234
158124
157927
157893
157891
157666
157630
157296
157233
157215
157068
156962
156758
156620
156583
156441
156197
156050
156032
155882
155850
155819
155647
155579
155557
155474
155374
155313
155228
155189
155188
155167
155158
155035
154874
154852
154703
154509
154507
154385
154337
154263
154233
154218
154105
154084
153983
153954
153866
153783
153766
153759
153556
153504
153299
153255
153215
153132
153050
152978
152479
152345
152310
151921
151887
151756
151692
151659
151596
151569
151520
151454
151337
151236
150966
150800
150706
150602
150572
150356
150330
150288
150252
150203
150198
149968
149958
149884
149710
149693
149685
149510
149489
149298
149277
149269
149264
149264
149219
149070
148991
148878
148835
148762
148681
148460
148380
148208
148037
147837
147819
147692
147327
147270
147181
147176
147124
147108
147055
147038
147037
146966
146836
146823
146729
146483
146397
146314
146059
145869
145786
145768
145695
145687
145485
145393
145331
145309
145301
145183
145181
145120
145111
145096
145085
145050
145014
145006
144815
144637
144569
144467
144400
144397
144388
144142
144059
143740
143422
143420
143322
143319
143275
143211
143121
143116
143055
142777
142686
142581
142505
142358
142215
142153
142074
142007
141646
141478
141478
141313
141292
141258
141168
141026
140949
140910
140540
140197
140112
140066
140022
139961
139884
139403
139292
139229
139151
139081
139033
138997
138935
138815
138814
138756
138697
138562
138355
138326
138283
138063
137796
137558
137472
137449
137415
137398
137360
137260
137177
137145
137134
137045
136851
136307
136295
136293
136287
136271
136185
135934
135895
135840
135665
135624
135400
135347
135330
135315
135280
135080
135056
134967
134963
134833
134757
134558
134507
134461
134396
134360
134295
134158
134118
134098
134065
133999
133840
133666
133654
133252
133249
132955
132916
132695
132543
132519
132443
132310
132142
132084
132013
131984
131964
131727
131667
131601
131526
131489
131462
131414
131336
131309
130999
130837
130609
130548
130516
130471
130461
130266
130216
130206
130122
129900
129755
129708
129694
129620
129571
129530
129392
129381
129150
129144
129015
129014
128932
128792
128762
128758
128757
128434
128313
128275
128084
128057
128027
127942
127781
127671
127192
127129
127107
127047
127015
126994
126969
126789
126746
126354
126307
126268
126095
126050
125945
125640
125573
125544
125521
125486
125438
125411
125364
125344
125206
125187
125148
125127
125060
125052
125038
124823
124713
124625
124592
124417
124096
124051
123982
123937
123849
123651
123637
123552
123541
123489
123293
123201
123180
123050
122944
122912
122803
122779
122763
122704
122636
122588
122357
122114
122065
121914
121738
121625
121597
121549
121432
121291
121276
121272
121144
120977
120896
120848
120827
120686
120315
120266
120206
120202
120146
120133
119930
119690
119583
119530
119167
118505
118437
118005
117700
117302
117184
116954
116916
116788
116594
116421
116277
116158
116110
116031
115897
115837
115769
115726
115571
115566
115462
115354
115306
115203
115193
115133
115082
114950
114921
114868
114814
114587
114583
114476
114262
114168
114165
114059
113660
113636
113569
113505
113497
113419
113390
113346
113154
113083
113019
112962
112846
112552
112471
112332
112165
111752
111541
111455
111416
111335
111322
111203
111061
111027
110882
110873
110621
110481
110391
110348
110346
110270
110009
109982
109706
109597
109537
109389
109290
109274
109153
108572
108394
108363
108349
108184
108157
107788
107773
107743
107665
107440
107389
107301
107168
107112
107032
106975
106849
106505
106473
106196
106147
106102
106095
106041
105608
105412
105167
105163
105102
104909
104852
104727
104626
104532
104447
104350
104227
104032
103962
103685
103365
103316
103122
103064
103019
103009
102886
102816
102737
102419
102315
102119
101972
101897
101648
101637
101615
101510
101500
101464
101223
101121
101049
101001
100992
100922
100799
100795
100674
100622
100479
100436
100417
100413
100368
100215
100049
99980
99956
99883
99751
99432
99331
99317
99063
98985
98857
98809
98652
98637
98610
98596
98523
98466
98423
98325
98295
98251
98132
98078
98010
97879
97694
97634
97561
97530
97338
97262
97018
96977
96931
96874
96857
96856
96661
96589
96589
96333
96282
96278
96272
96098
95786
95694
95672
95634
95453
95299
95214
95167
95120
94957
94879
94751
94722
94601
94581
94323
94306
94029
93974
93873
93743
93655
93568
93334
93294
93011
92743
92699
92615
92528
92514
92507
92454
92437
92367
92331
92221
92174
92081
92041
92016
91988
91872
91753
91643
91607
91580
91543
91412
91402
91304
91190
91163
91071
90939
90875
90751
90704
90686
90662
90533
90329
90318
90233
90112
89943
89880
89837
89762
89634
89367
89358
89037
88715
87868
87855
87791
87729
87720
87656
87342
87205
87085
87047
86966
86892
86864
86856
86483
86389
86385
86303
86258
86093
85778
85703
85653
85520
85486
85392
85386
85174
85030
84830
84641
84521
84301
84299
83772
83496
83269
83252
83232
83153
83133
83116
82860
82859
82802
82751
82567
82400
82309
82159
82142
82117
82089
82074
81845
81779
81605
81587
81585
81389
81300
81271
81190
81076
81007
80983
80980
80971
80843
80668
80645
80533
80389
80372
80272
80216
80205
79735
79734
79727
79527
79505
78981
78844
78794
78691
78625
78570
78550
78393
78362
78162
77933
77880
77597
77559
77483
77422
77394
77153
77063
76966
76948
76918
76889
76819
76786
76772
76732
76732
76729
76656
76585
76569
76499
76124
76015
75700
75573
75479
75467
75440
75377
75345
75231
75165
75045
75021
74875
74840
74609
74565
74262
74234
73999
73902
73853
73795
73738
73736
73670
73606
73475
73460
73315
73279
73046
73008
72867
72830
72824
72673
72541
72531
72494
72316
72115
72078
72013
71998
71784
71649
71585
71540
71491
71444
71411
71388
71342
71223
71124
71071
70982
70837
70835
70834
70809
70664
70590
70560
70470
70452
70448
70424
70292
70263
70150
70102
69980
69841
69771
69760
69747
69734
69715
69614
69586
69579
69566
69532
69468
69454
69359
69240
69120
69050
68956
68848
68794
68788
68719
68520
68504
68501
68436
68400
68242
68233
68122
67620
67565
67461
67424
67396
67381
67359
67244
67054
66952
66853
66837
66822
66687
66494
66478
66323
66275
66197
66173
66160
66142
65995
65960
65948
65901
65669
65607
65461
65405
65321
65238
65226
65196
65172
65141
64973
64880
64681
64621
64405
64369
64254
64222
64193
64007
64004
64004
63988
63947
63787
63584
63548
63447
63307
63200
62694
62675
62631
62294
62235
62234
61973
61968
61865
61684
61671
61522
61335
61144
60878
60863
60806
60758
60371
60354
60325
60226
60139
60037
59939
59790
59779
59712
59517
59420
59350
59277
59173
58900
58809
58775
58749
58681
58503
58347
58336
58077
57999
57882
57751
57702
57700
57625
57462
57410
57206
57009
56977
56938
56933
56758
56691
56630
56593
56282
56110
56022
55933
55914
55605
55587
55572
55533
55475
55242
55122
55119
54959
54951
54927
54924
54902
54846
54761
54662
54479
54390
54363
54230
54054
54015
54005
53981
53808
53591
53572
53479
53460
53326
53050
52816
52651
52568
52438
52432
52348
52268
52243
52195
52190
52008
51972
51841
51714
51684
51661
51621
51610
51581
51563
51463
51402
51333
51296
51230
51184
51139
51080
51066
50896
50873
50750
50746
50509
50498
50311
50310
50215
50157
50144
50050
49971
49954
49866
49830
49694
49677
49533
49431
49380
49326
49238
49150
49147
48730
48686
48553
48535
48469
48443
48285
48131
47743
47638
47454
47337
47275
47165
47102
47005
46787
46674
46598
46508
46194
45908
45881
45765
45740
45541
45117
45044
44879
44799
44717
44583
44506
44054
43912
43865
43863
43836
43814
43781
43595
43259
43205
43090
43038
42871
42689
42611
42493
42473
42439
42390
42390
42381
42298
42128
42109
42077
41876
41769
41719
41696
41542
41499
41324
41323
41314
41245
41186
41120
41116
41078
40960
40918
40743
40511
40435
40208
40138
39801
39708
39704
39570
39303
39105
39060
38902
38895
38885
38792
38688
38658
38569
38569
38550
38417
38244
37800
37784
37736
37669
37652
37637
37577
37567
37550
37526
37488
37479
37428
37424
37412
37340
37244
37242
36784
36741
36610
36533
36398
36184
36169
36127
36063
36010
35997
35963
35914
35871
35686
35645
35563
35498
35395
35348
35344
35331
35227
35116
35095
35052
34942
34911
34704
34271
34246
34172
34070
33969
33941
33888
33731
33623
33566
33500
33318
33254
32880
32788
32742
32742
32642
32642
32586
32403
32321
32243
32185
31693
31497
31381
31368
31347
31200
31151
31049
31041
30807
30799
30668
30640
30633
30473
30420
30411
30161
29896
29720
29672
29636
29628
29558
29403
29270
29254
29184
29132
29131
28843
28787
28725
28649
28544
28537
28523
28472
28461
28235
28083
28055
27842
27635
27628
27537
27536
27472
27317
27181
26998
26704
26438
26391
26361
26185
26117
25990
25956
25789
25696
25648
25482
25447
25393
25355
25329
25276
25272
25169
25108
25065
24952
24846
24689
24537
24511
24493
24438
24365
24346
24286
24210
24055
23972
23862
23728
23389
23348
23145
22908
22756
22724
22313
22310
22266
22249
22230
22183
22035
21699
21635
21439
21303
21035
20862
20848
20829
20823
20508
20087
20011
19971
19653
19575
19487
19056
19049
19001
19000
18922
18735
18500
18469
18456
18432
18273
18170
18086
18071
18054
18041
17989
17928
17659
17624
17583
17580
17571
17568
17477
17404
17295
17110
17031
16719
16682
16410
16410
16334
16288
16164
16082
15955
15921
15848
15813
15674
15528
15327
15136
15099
15010
14779
14777
14659
14577
14572
14508
14480
14345
14308
14293
14166
14003
13924
13824
13688
13591
13586
13579
13335
13170
12949
12911
12822
12818
12675
12673
12587
12581
12459
12254
12232
12071
11880
11860
11539
11462
11444
11339
11268
11128
10905
10858
10825
10742
10650
10595
10575
10563
10524
10508
10415
10400
10376
10209
9965
9836
9831
9816
9676
9663
9448
9440
9149
8928
8752
8666
8628
8464
8241
8183
8180
8162
8138
7948
7939
7899
7873
7722
7651
7483
7413
7389
7333
7088
7025
6638
6498
6140
6120
5887
5848
5744
5741
5728
5708
5682
5633
5554
5116
5054
4933
4815
4768
4723
4644
4587
4529
4441
4308
4244
4225
4069
4066
4065
4046
3865
3837
3479
3254
3199
3073
3038
2742
2636
2480
2408
2374
2338
2180
2140
2113
1984
1953
1804
1298
1218
909
861
829
714
588
365
207
78
43
37
