99934
99802
99688
99678
99535
99510
99501
99405
99332
99326
99317
99111
99029
98961
98933
98828
98667
98636
98455
98252
98222
98137
98119
98035
97992
97953
97806
97753
97615
97574
97457
97299
97082
96965
96911
96901
96765
96664
96637
96571
96533
96278
96202
96098
96009
95900
95888
95861
95823
95763
95759
95735
95469
95440
95291
95288
95246
95117
94982
94921
94833
94770
94682
94677
94635
94599
94580
94554
94505
94461
94382
94268
93775
93624
93606
93542
93502
93411
93214
93184
93097
93014
93002
92899
92799
92609
92607
92564
92492
92455
92447
92368
92340
92295
92222
92202
92131
92063
92020
91869
91851
91851
91686
91645
91603
91549
91493
91324
91294
91268
91247
91180
91057
91044
90912
90894
90866
90784
90493
90394
90356
90308
90300
90168
90029
89938
89823
89681
89421
89204
89090
89049
88890
88878
88810
88793
88746
88736
88725
88455
88448
88343
88304
88226
88210
88141
88139
87927
87923
87845
87833
87714
87710
87679
87353
87245
87157
86994
86872
86864
86701
86632
86591
86508
86462
86399
86392
86363
86311
86211
86140
86132
85898
85623
85584
85573
85473
85338
85140
85105
85092
85046
84963
84898
84769
84761
84700
84666
84659
84624
84621
84390
84319
84316
84255
84151
83992
83970
83966
83821
83775
83635
83623
83526
83486
83412
83277
83162
83131
83124
83005
82977
82930
82827
82823
82737
82197
82160
81893
81816
81684
81324
81185
81085
80930
80888
80743
80739
80709
80611
80493
80375
80340
80331
80294
80294
80224
79687
79560
79476
79231
79212
79151
79055
78991
78972
78796
78777
78693
78664
78648
78634
78493
78421
78358
78162
78106
78072
78066
78019
77951
77933
77799
77651
77612
77505
77383
76859
76845
76718
76587
76511
76462
76453
76434
76314
75984
75867
75832
75809
75779
75601
75441
75353
75212
75029
74966
74959
74732
74709
74352
74309
74244
73828
73506
73392
73307
72795
72723
72681
72607
72068
72026
71910
71769
71707
71551
71508
71457
71280
71207
71174
71157
71046
70576
70526
70510
70335
70286
70271
70267
70176
70074
70018
69991
69841
69761
69697
69574
69550
69392
69390
69093
69030
69019
68996
68975
68958
68461
68442
68380
68368
68353
68175
68173
68105
67880
67872
67846
67768
67714
67694
67647
67494
67324
67302
66927
66576
66420
66316
66310
66302
66268
66231
66161
66140
65635
65579
65548
65505
65411
65223
65084
64895
64828
64729
64694
64498
64439
63947
63884
63766
63743
63718
63668
63300
63290
63284
63158
63019
62953
62889
62723
62609
62538
62453
62444
62388
62297
62190
62040
61576
61433
61241
61216
61144
61110
61036
61000
60939
60906
60785
60673
60546
60371
60295
60257
60228
60154
59990
59984
59944
59878
59858
59802
59475
59433
59269
59052
59051
58962
58824
58611
58606
58482
58315
58252
58222
58150
58095
57851
57778
57657
57544
57392
57115
57089
56949
56774
56676
56613
56514
56434
56057
56032
55642
55483
55164
54845
54838
54650
54539
54519
54484
54469
54463
54125
53965
53919
53818
53609
53546
53489
53447
53269
53230
53132
53104
53046
53018
52985
52923
52782
52676
52576
52551
52459
52405
52105
52097
51924
51691
51390
51047
51002
50973
50895
50761
50755
50724
50567
50544
50509
50364
50363
50246
50045
50020
49865
49787
49730
49617
49476
49407
49353
49280
48866
48817
48682
48491
48456
48336
48272
48228
48182
48052
48046
47722
47588
47409
47300
46998
46981
46897
46679
46632
46549
46539
46513
46468
46412
46326
46279
46213
46207
45957
45941
45751
45691
45677
45638
45620
45549
45329
45202
45166
44894
44882
44849
44846
44724
44669
44628
44555
44421
44260
44254
44075
43863
43835
43793
43789
43775
43756
43451
43405
43362
43348
43291
43231
43213
43211
42986
42922
42717
42624
42440
42068
42041
41985
41980
41906
41882
41814
41588
41523
41317
41017
40819
40760
40654
40627
40618
40582
40545
40533
40480
40324
40069
39945
39941
39667
39660
39635
39492
39420
39290
39205
39202
39195
39122
38948
38937
38802
38581
38531
38477
38468
38466
38417
38360
38348
38306
38217
38172
38040
37989
37972
37829
37772
37696
37550
37156
37068
36776
36768
36620
36508
36470
36469
36354
36291
36286
36119
36101
35923
35843
35777
35743
35558
35411
35411
35262
35234
35220
35108
35053
35005
34878
34834
34756
34709
34660
34638
34618
34177
34176
33941
33940
33761
33722
33677
33626
33343
33322
33227
33149
33099
33060
33052
32882
32455
32155
32070
32003
31943
31930
31853
31626
31601
31462
31348
31237
31012
30941
30937
30914
30806
30788
30778
30521
30515
30425
30212
30187
30078
29932
29760
29597
29581
29352
29347
29292
29208
29190
29100
29098
29055
28779
28668
28608
28546
28544
28470
28329
28050
28013
27850
27720
27337
27334
27142
27054
26905
26743
26664
26256
26151
26043
25968
25922
25881
25837
25677
25604
25548
25459
25416
25366
25344
25037
25035
25035
25035
24995
24929
24849
24658
24208
23994
23955
23951
23744
23463
23430
23391
23362
23288
23251
23230
23033
22984
22956
22934
22780
22686
22684
22551
22466
22399
22262
22256
22061
21871
21824
21792
21687
21665
21545
21535
21512
21379
21333
21283
20812
20778
20769
20539
20492
20373
20314
20186
20180
20118
20108
19993
19983
19923
19854
19851
19639
19620
19402
19363
19075
19031
18990
18866
18850
18753
18699
18695
18625
18586
18546
18511
18502
18501
18410
18391
18035
17939
17862
17460
17361
17235
17063
16785
16573
16500
16386
16310
16283
16220
16188
15992
15986
15973
15823
15688
15353
14993
14793
14774
14721
14642
14510
14419
14414
14384
14345
14239
14104
14099
14099
14058
14002
13981
13847
13742
13713
13687
13522
13430
13419
13415
13339
13294
13272
13217
13174
13107
12945
12747
12679
12525
12512
12491
12441
12380
12378
12258
12217
12086
11899
11664
11506
11476
11446
11312
11308
11021
10893
10857
10778
10770
10689
10618
10570
10427
10128
9861
9859
9531
9509
9377
9129
9102
8908
8852
8783
8706
8431
8390
8303
8237
8192
8166
8122
7781
7739
7659
7415
7375
6916
6397
6395
6381
6166
5989
5918
5642
5607
5519
5493
5366
5361
5197
5067
4808
4771
4657
4645
4593
4565
4512
4489
4407
4397
4348
4331
4216
4187
3989
3840
3796
3708
3178
3038
2994
2666
2626
2432
2164
2105
1909
1846
1839
1837
1769
1568
1534
1465
1300
1220
1183
1040
712
645
61
